90
S -100 0 60 -96
L -100 0 0 40
R -100 0 -66 -75
S -100 0 36 -6
R -97 0 12 6
L -97 0 81 -65
L -97 0 -9 -48
S -97 0 7 -65
L -95 0 71 -54
S -95 0 -6 -79
R -95 0 15 -28
R -95 0 -99 51
R -93 0 87 -47
S -93 0 37 -61
S -93 0 -54 -51
L -93 0 3 20
S -88 0 -29 -40
L -88 0 -47 55
S -88 0 28 -89
R -88 0 -97 -8
R -86 0 90 12
S -86 0 53 -56
S -86 0 60 -17
L -86 0 67 74
R -81 0 61 -76
R -81 0 76 -19
R -81 0 -49 -74
R -81 0 12 52
R -78 0 29 91
S -78 0 -69 27
S -78 0 -24 -73
L -78 0 -13 99
S -76 0 -29 1
R -76 0 71 -79
R -76 0 -81 -52
L -76 0 74 19
L -73 0 81 -78
L -73 0 -33 -40
L -73 0 33 -69
S -73 0 -22 28
R -71 0 29 -88
R -71 0 -44 -42
S -71 0 -79 -65
S -71 0 -37 92
L -70 0 3 75
S -70 0 51 -56
S -70 0 -57 18
S -70 0 -67 85
R -66 0 86 97
R -66 0 -2 92
L -66 0 54 24
S -66 0 -23 -2
S -64 0 -77 -61
R -64 0 91 39
S -64 0 45 80
L -64 0 10 58
R -63 0 -89 46
R -63 0 32 -37
R -63 0 70 -79
R -63 0 25 57
R -61 0 -78 98
S -61 0 -4 -85
L -61 0 -73 43
R -61 0 95 -45
S -60 0 91 1
R -60 0 -31 18
S -60 0 -12 88
R -60 0 -36 -23
S -59 0 -29 -77
L -59 0 -22 67
R -59 0 89 -5
S -59 0 13 -10
S -58 0 -71 38
L -58 0 48 -99
R -58 0 -40 51
R -58 0 0 44
R -56 0 4 -54
S -56 0 54 -14
L -56 0 -62 29
L -56 0 54 -17
R -54 0 -6 42
S -54 0 64 4
R -54 0 -79 91
S -54 0 3 41
L -52 0 -6 -84
S -52 0 39 75
S -52 0 52 23
S -52 0 -16 -34
L -50 0 23 53
L -50 0 48 -37