1003
S -999 0 749 132
R -999 0 445 -747
L -999 0 -411 644
C 899 -710 19021
C -451 -154 29727
C 460 -658 25596
C 508 -711 29708
C -810 -507 4397
C -318 -215 12246
C 118 412 26373
C -983 -784 31838
C 561 -237 25946
C -878 469 9378
C -448 -481 1282
C -614 -511 22682
C 346 -29 10472
C 941 -905 7175
C 54 -617 11346
C 268 -493 11772
C -534 30 29409
C -111 798 27897
C -148 -337 12079
C -89 167 17653
C 25 -848 6939
C -173 350 2989
C 367 145 10530
C -309 -56 9488
C 654 -601 22614
C -175 295 11425
C -627 969 23754
C -388 869 547
C 790 -370 19609
C 951 406 18158
C -142 173 1485
C 315 542 26298
C 419 -261 7117
C 336 -483 460
C 981 508 23325
C -857 238 18368
C 967 39 26778
C -241 -897 22885
C -861 551 15728
C -925 -7 28014
C -31 -146 21376
C 734 -353 1758
C -309 541 19961
C -215 -954 23929
C 295 647 22585
C 870 -999 30627
C 906 -790 26987
C 558 -402 12918
C -27 629 9551
C 575 433 24562
C 824 770 17199
C -281 565 3216
C -186 -241 18936
C 873 -325 13482
C -14 201 7395
C -484 -391 1901
C -31 667 22073
C -453 -692 6228
C -198 150 22038
C 955 -198 24925
C 326 -495 18746
C 235 -49 1906
C -196 969 20546
C -433 -487 16324
C 936 -673 27110
C 463 586 20487
C 658 -198 25354
C 258 820 15561
C -755 440 26054
C 611 243 8294
C -453 739 23732
C 992 -528 10815
C 901 -990 21023
C -804 -451 14654
C -745 240 19177
C 573 632 13779
C -440 288 27465
C -453 55 3814
C -105 757 1963
C -230 662 23159
C -765 700 11858
C 933 759 26085
C 131 16 18070
C -925 -48 19213
C -508 264 10450
C -318 819 14020
C 380 -368 7770
C -741 -331 16983
C -924 -634 6928
C -317 -895 25879
C 228 69 19064
C 315 -888 25630
C 260 645 18518
C -823 976 5577
C -534 233 8507
C 968 92 7073
C 892 766 4497
C 738 -922 12455
C -998 -370 31226
C 932 865 9024
C 401 -416 13868
C -889 -228 22831
C -827 -6 32652
C -184 63 8552
C -603 -952 22317
C 516 -457 27290
C 653 -304 11018
C -704 -432 1729
C 947 -364 6287
C 263 -391 17191
C -651 -304 25291
C 166 -733 6549
C -69 -870 31970
C 443 295 27305
C 278 -575 31132
C -670 -754 23171
C -821 -925 22305
C 534 -580 24659
C -587 572 2623
C 50 196 11877
C -897 -435 28371
C -79 -65 7106
C 131 -196 27431
C -107 56 31102
C -470 929 12901
C 392 288 3403
C 357 -859 13937
C -450 129 6120
C 438 -879 5061
C -990 313 10629
C 278 98 8740
C 23 847 24380
C -7 -139 27458
C -286 -525 19482
C 218 -430 9389
C -941 -36 5505
C -631 -937 31906
C 670 294 32201
C -331 917 8596
C -728 119 2394
C 754 -291 31364
C -577 694 27071
C -805 -990 6787
C 11 541 14187
C -156 -841 9208
C -214 -70 3607
C 217 716 8313
C -386 -759 10507
C -285 569 22620
C 829 639 29614
C -684 -298 330
C -825 -482 30768
C 282 -310 15737
C -706 413 31020
C -559 -476 27994
C -334 835 9366
C -673 -259 21470
C -688 -552 32079
C 821 948 4506
C 505 -274 9777
C 526 -193 5499
C -906 -790 29818
C 430 -228 25026
C 465 645 26837
C -321 -527 31360
C -4 351 13693
C 177 -892 3792
C -680 -831 7459
C 905 808 119
C -93 -398 2469
C 838 70 26048
C 670 -349 2742
C 603 -45 4000
C 557 -906 19462
C 657 -75 4748
C -271 -900 20366
C -296 684 23180
C -87 616 9223
C 883 -997 870
C -403 904 14524
C -268 161 5116
C 320 83 10031
C 385 -218 26676
C -845 -245 8270
C 253 52 5883
C 496 756 28206
C 532 165 2635
C -776 287 31869
C 171 -335 23865
C 793 927 26927
C 496 -545 30832
C 720 13 3093
C 587 896 24490
C -458 754 32603
C -919 -155 17163
C 203 -454 19491
C -167 748 15711
C 653 -151 17840
C -621 -744 17581
C -31 389 8933
C -803 386 17572
C 442 -670 22788
C -87 252 12996
C 202 -290 27630
C -392 396 14938
C 776 274 10068
C 865 815 29340
C -864 -648 20888
C -658 -817 31637
C 512 904 13393
C 429 324 28313
C -664 -157 8110
C 422 468 21880
C -122 -959 9516
C 517 884 26547
C -99 -716 31578
C 64 84 12112
C -734 -293 8096
C 996 519 32561
C 399 662 11339
C -697 326 25328
C -260 718 18497
C 161 238 29865
C 12 -555 25387
C -73 45 24395
C -822 -472 27651
C -625 740 21559
C 29 -520 10559
C -607 -644 29015
C -498 633 8461
C -713 -794 4348
C 996 431 25951
C 381 557 20256
C 459 -593 27327
C 325 255 18394
C 355 -290 8729
C -97 722 16682
C -152 -318 11520
C -63 -471 9837
C -720 -502 288
C -466 491 1548
C 8 642 31437
C -82 -48 12876
C -409 -462 2042
C -303 377 19529
C -968 784 3070
C 440 -376 27776
C 255 -497 12777
C 171 -432 24177
C 537 -85 26202
C -358 -159 3396
C -895 79 29465
C -247 -685 23928
C -752 957 1502
C 654 -279 21503
C 357 -802 6411
C 489 -436 9558
C -437 949 4169
C 137 -493 10110
C 47 -218 13377
C 781 -597 14303
C 710 582 24554
C 662 229 630
C -374 -711 30506
C 465 129 18916
C -49 896 29102
C 258 -201 26680
C 467 13 13903
C 186 -339 20105
C -874 445 612
C -567 -470 23990
C -632 456 30142
C -608 -139 7400
C 328 816 26450
C -65 551 8885
C 737 -355 12215
C -739 -488 3047
C 892 569 28157
C -287 -375 10067
C -481 837 16533
C 902 178 8278
C -481 -676 20276
C 493 -915 31164
C -668 65 9214
C -422 193 10572
C 461 531 350
C -352 872 10280
C 195 240 28493
C 857 584 26306
C 224 801 30212
C -593 424 21272
C 601 892 13631
C 983 -735 5744
C -899 25 3745
C -904 911 27601
C 938 -182 16093
C -366 103 743
C 109 158 21672
C 810 300 23320
C 416 850 17833
C 640 675 28911
C -152 -788 16598
C -94 524 3118
C 769 476 6923
C 508 599 1826
C 136 471 7609
C -488 945 6158
C -304 -772 26877
C -158 233 3017
C 924 564 20865
C -39 -336 3301
C 390 735 30709
C -6 402 5366
C 923 -523 6917
C 23 -175 3537
C 81 -442 9746
C 626 -441 1762
C -53 -455 3608
C -354 -798 18142
C -643 -205 31626
C -976 -346 31880
C 194 163 23309
C 440 -836 28989
C 418 -270 2131
C -762 -716 30337
C -148 41 11656
C -220 842 25542
C -754 826 30480
C -58 -938 27682
C 93 -848 11910
C 595 -202 27568
C -909 -443 317
C 473 -34 6867
C 377 775 30127
C -189 -939 27023
C -685 60 12446
C -726 -568 12210
C 833 -510 30170
C 592 421 28302
C -70 -9 6628
C -807 -363 10087
C 480 456 12513
C -56 -10 21996
C 492 -333 31905
C -643 918 73
C 662 -17 16039
C -83 -362 5820
C 432 -635 29806
C -534 -19 6834
C -141 -986 29542
C -479 -464 18904
C -627 879 10073
C -76 -624 25503
C 8 947 12604
C 173 -905 8230
C 3 784 7572
C 578 78 9611
C 954 -145 12536
C -493 -1 17678
C -212 -319 11867
C 854 -826 7052
C 872 -97 20001
C 373 332 26938
C -236 718 11814
C -84 -299 8878
C 654 -91 8775
C -331 -994 29072
C 230 -798 18959
C -669 672 9615
C -678 -650 31629
C -129 -804 1644
C -552 742 15493
C 856 323 7739
C 30 -691 31350
C 485 928 32546
C 681 667 18226
C 777 456 19017
C 918 -415 25328
C -919 723 26035
C 9 6 7721
C 760 763 27957
C -531 243 27806
C 672 -758 3790
C -535 -468 12371
C 62 541 15616
C 938 -566 7785
C 293 -719 521
C 868 -514 31002
C 755 -538 21765
C 591 210 328
C 364 -939 11871
C 734 775 18263
C 475 32 19230
C -923 339 13903
C 425 -201 9965
C -821 -284 9593
C 995 -911 17143
C 49 -626 15349
C 64 -1 25577
C -798 -780 20215
C 653 520 7089
C 475 -402 28330
C 30 -353 17378
C -894 769 24311
C -135 859 5050
C -832 -755 4249
C 472 121 18750
C 437 -51 9279
C -92 400 32491
C -619 -444 25785
C 867 978 20463
C -716 -431 18011
C -875 714 27363
C -65 -89 10521
C 404 -232 14199
C -982 50 10255
C 886 757 19874
C 992 -32 31852
C 937 945 15647
C 141 -91 13054
C 849 -939 6760
C -236 -469 31442
C -424 -138 627
C -358 756 30875
C 316 811 22735
C -84 611 7656
C 711 863 31745
C -305 -351 21584
C 757 537 6695
C -487 -389 11283
C -53 528 17489
C 78 -308 31469
C 625 -473 26897
C 204 144 17161
C 661 -157 3879
C -464 928 9043
C -190 854 3935
C 606 525 18847
C 394 520 14583
C -297 595 13408
C 120 -748 20010
C 171 -465 21721
C 610 761 11945
C 200 -914 9244
C -726 -623 25651
C 3 987 19503
C 548 -430 10637
C 344 521 29733
C -747 -479 32382
C 915 492 22812
C 689 -528 31649
C -506 763 30551
C 196 -607 28460
C 128 -542 28140
C -338 472 26625
C 72 65 19648
C -704 -193 18073
C -971 -921 28614
C -826 -724 17326
C 218 -516 15298
C -262 725 10934
C -417 -956 20471
C 335 553 23170
C 403 449 23945
C 40 -634 2215
C -378 196 8321
C -661 787 21619
C -86 -212 16303
C -227 -885 31903
C -130 168 28643
C 339 -380 5895
C -184 -828 27693
C -884 -130 3067
C -18 -5 30762
C 95 -942 24343
C -145 997 645
C -898 -200 3486
C -928 -650 27959
C -694 719 3783
C -549 825 20013
C -111 680 23691
C 954 -217 30290
C -652 -521 27589
C -858 -599 1598
C -844 325 12488
C 923 78 7919
C 743 -955 18881
C -558 164 8796
C 209 -795 14961
C 793 -903 19135
C 670 790 23852
C -574 -402 28904
C -965 -931 23323
C 986 544 30970
C -925 -815 12851
C -887 346 23140
C -904 827 6506
C -655 -669 25323
C -375 -362 1022
C -505 -213 32293
C 624 722 10997
C 682 99 16828
C 458 694 28709
C 576 504 5183
C -457 230 12377
C -56 239 18306
C -446 -685 17010
C 47 -386 16557
C -632 -1000 32667
C 127 865 6027
C -293 -471 21725
C -262 795 17344
C 931 -30 6339
C 93 681 18918
C 698 204 16324
C -921 120 13257
C -887 150 8373
C 510 231 17971
C -229 275 22122
C -370 6 11273
C 790 772 32337
C -609 -850 429
C 809 548 11187
C 80 237 7384
C 766 186 30158
C -734 -568 27764
C -848 -223 6941
C 376 801 10516
C -133 -176 24147
C 723 -43 6687
C -777 19 4608
C -688 -762 15565
C 261 -812 19927
C 345 -231 29057
C -728 630 5385
C 711 -793 18733
C 691 658 22330
C 689 405 28602
C -798 -860 15859
C 961 -111 20909
C -446 263 13987
C -730 -924 19073
C -383 -74 11656
C 606 357 13941
C -844 -520 2075
C -411 392 32176
C 973 -649 11735
C 911 -450 26642
C -293 670 25706
C -864 439 4112
C -703 170 182
C 214 -896 28767
C 342 932 49
C -560 -207 7014
C 412 -609 5755
C -516 594 31917
C -228 -733 10568
C -913 -221 25533
C -690 -239 10486
C 520 -51 21812
C 599 621 15962
C 614 -687 2549
C -645 -285 30385
C 477 166 28093
C -397 -632 31933
C 516 304 9611
C 596 556 6763
C -891 -311 31632
C -281 908 16534
C 351 226 20906
C -297 -161 15057
C 556 950 15515
C 931 -384 4909
C 496 -954 31090
C 500 -385 3710
C -688 -303 23524
C -485 417 9101
C -103 191 28552
C -686 -446 28725
C 486 37 7985
C -861 420 1376
C -599 435 7390
C -63 52 32604
C 928 -776 18932
C -581 -306 21000
C -941 -824 21187
C 754 319 2236
C 253 -267 24956
C -243 -832 2049
C 234 -662 3116
C 196 -887 13175
C 32 -746 15961
C -586 136 17525
C 609 704 10820
C -304 670 11849
C -122 161 5903
C 594 -986 13088
C 738 -720 30770
C -153 -785 22787
C 353 -154 28671
C 731 11 20582
C 572 272 554
C 171 411 9795
C 106 566 7313
C -205 280 22962
C 914 -784 2998
C 347 75 12664
C 342 485 15782
C -401 -891 2065
C 209 948 12613
C -76 371 17685
C -730 -509 26940
C -137 208 28942
C -975 406 244
C 676 -216 19732
C 437 696 26466
C -628 184 10703
C -128 -485 5787
C -447 28 29102
C 317 -641 12383
C -390 -982 2160
C 378 309 1819
C 986 -111 22104
C 330 900 6173
C 606 107 8095
C -964 -198 9958
C -868 60 14592
C 18 -703 21211
C -566 918 20600
C 907 -973 30670
C 808 360 28041
C -43 -634 16146
C -601 -808 3746
C 192 -825 18962
C -301 479 29059
C -111 -89 8359
C -70 521 12970
C -778 -919 23717
C -177 -364 5166
C -424 -277 14674
C 106 237 30366
C -474 368 2240
C 376 756 28337
C -266 -926 27213
C -176 43 30957
C -383 518 17579
C -206 -227 10390
C -900 -202 19265
C 801 -579 24958
C 239 -605 2504
C 513 910 17545
C -622 -650 25197
C -455 -552 1294
C 776 875 27104
C -7 -848 29010
C 60 -369 27159
C -423 157 8910
C 496 341 24497
C 232 -315 6927
C 875 -19 20279
C 883 609 6204
C 807 782 9911
C -208 -176 14517
C -409 193 21857
C -589 490 10049
C 321 -66 9785
C 602 -332 4552
C 570 -733 3059
C 448 -662 10892
C 3 282 15255
C 120 -64 30809
C 592 -103 128
C -557 -864 21549
C 511 218 28626
C -999 -341 13120
C 429 745 23164
C 295 204 21109
C -400 -613 25691
C -62 -724 5275
C 671 908 19495
C -894 770 30476
C 25 -536 800
C -981 748 30854
C 453 692 1214
C 36 -174 15442
C -662 -796 15828
C 825 815 10267
C -273 -784 4064
C -562 567 17659
C -444 -340 26750
C 315 -960 23724
C 39 796 20029
C -811 -882 12773
C 575 -229 31556
C 247 -787 24383
C 624 -401 29573
C 487 -631 27196
C 809 -386 18296
C 869 -542 74
C -179 -608 13711
C 717 468 12753
C 961 -326 27619
C 796 -375 25519
C -108 -247 6345
C -878 726 10678
C 868 -597 5201
C -659 656 23802
C -780 943 1503
C 803 -293 5917
C 823 846 20572
C -179 -211 22489
C -636 -879 5294
C 167 721 3185
C -939 -31 3452
C -25 -208 2267
C -594 79 14443
C -655 -511 20661
C 330 378 79
C -543 567 25196
C -165 -323 14606
C 405 896 8477
C 752 693 2341
C 382 854 2576
C -353 -264 9732
C -376 -90 10474
C -534 -798 24526
C -316 983 18911
C 119 40 11797
C 827 -659 19338
C -225 111 4775
C -753 -671 14913
C 626 -152 2195
C -407 -386 7408
C 153 866 9442
C -58 -571 8170
C -323 -638 23492
C 831 -953 9264
C -963 122 22549
C 620 -979 14871
C 211 446 19600
C -869 305 17501
C 716 -57 27910
C -245 423 32009
C 324 861 9069
C 969 881 26534
C 683 -777 26548
C -340 -320 29890
C -892 545 12939
C 458 44 18607
C -400 690 8872
C -70 173 19454
C -489 63 26939
C 102 -336 30253
C -339 905 15741
C -584 944 13172
C 843 664 16549
C 20 -208 27844
C -143 -805 12973
C 448 -632 9549
C -698 69 28074
C -265 111 25380
C -996 -312 8350
C 622 -616 16613
C -256 673 1045
C -740 -480 9314
C 290 378 4588
C 316 -612 15040
C -925 -484 30473
C 130 28 5267
C -573 -592 20728
C 47 -279 7375
C 658 973 8870
C 89 485 15279
C -167 173 4784
C 115 -700 21219
C 855 503 19197
C -98 -22 29347
C -268 -863 1184
C 643 -715 16241
C -255 -704 15414
C 454 -165 3767
C -350 -41 2617
C -117 -820 21640
C 349 447 30719
C -439 207 10018
C -942 -337 13664
C 82 -877 27918
C 387 -380 7223
C -303 468 20715
C 474 621 17977
C -286 -858 25154
C -445 492 28378
C 692 662 27906
C 854 673 15925
C 938 -576 6510
C -447 -987 15151
C -610 130 25758
C 900 -519 21081
C -793 856 1515
C -162 335 27696
C 755 -820 28632
C 717 660 18640
C 46 -885 23386
C 57 116 4154
C -956 -993 17032
C -154 -519 3507
C 413 618 27680
C 725 521 12789
C 767 -907 15199
C -985 456 2839
C 403 -666 28706
C 811 -282 12932
C 364 -57 28998
C -662 -626 4184
C -211 -21 12225
C 99 691 4336
C -314 982 15093
C 759 -368 21668
C -205 602 20248
C -418 -252 19154
C -233 682 3286
C 703 800 24778
C -973 -69 13684
C -505 374 16959
C -952 938 18715
C -344 227 27715
C -484 481 19732
C -565 -581 21752
C 679 -339 24093
C -600 -873 31105
C 734 191 5922
C -282 659 4306
C 314 -864 20215
C 324 -657 15734
C 720 28 20464
C -17 -357 12643
C 851 600 611
C 314 -670 7783
C 690 -110 8054
C -907 106 21229
C -763 -807 29651
C -388 -477 22003
C -827 -675 4619
C 347 -470 1678
C -682 183 8915
C -593 -350 606
C 184 -31 21859
C -558 916 13224
C 789 332 23709
C -219 -925 13090
C 884 -948 30153
C 742 -96 29326
C -401 683 15357
C 744 -499 15543
C -6 365 6045
C 362 572 19569
C -436 932 31591
C 935 342 24481
C -340 675 26895
C 855 -149 3209
C -384 296 30038
C -907 253 3771
C -614 603 18460
C 626 -880 3718
C 591 -49 28391
C -370 985 24770
C 926 212 22729
C -211 -342 13881
C 160 726 2229
C -387 561 31012
C 122 -364 1951
C 817 242 31870
C -842 -402 29175
C 572 747 29706
C 96 608 13414
C -759 164 15724
C -837 -125 14807
C 186 -55 8611
C -29 -137 293
C -478 267 13247
C 126 186 23315
C 643 321 7346
C -803 304 344
C -207 48 19844
C -417 -82 24026
C 683 476 2138
C 288 -844 17779
C 628 964 17926
C -823 523 11232
C 493 609 295
C 193 -642 32407
C -947 909 12537
C -289 491 29378
C -365 -525 3424
C 482 610 13971
C -133 142 25317
C -758 -271 12449
C 294 -983 6284
C -801 811 22557
C -325 745 25300
C -126 356 18169
C 311 301 17986
C 412 760 849
C -321 -295 20798
C -980 749 12226
C 446 904 10293
C -931 -232 27242
C 621 -612 28724
C -461 -924 12489
C -110 635 9086
C 886 453 12991
C 874 -321 14539
C 58 -873 10575
C -631 833 4396
C -507 351 5631
C -328 -452 10699
C 673 107 21986
C -734 -844 26121
C 717 -438 16304
C -611 920 15256
C -75 -521 9851
C -831 -547 28077
C 548 -422 8933
C -652 600 9568
C -34 -865 729
C 266 928 25800
C -593 -259 17470
C 745 405 24454
C 100 -770 6428
C -63 632 32428
C 60 968 13349
C 849 -175 3917
C -79 -809 4773
C -976 591 8729
C 401 -362 13638
C -840 760 18375
C -51 205 19244
C 522 -703 26956
C -332 781 19279
C 462 682 19456
C -890 576 26146
C -145 -223 12617
C 731 -925 11752
C -268 -425 15974
C 815 -677 24136
C 720 -628 17511
C 517 -351 23541
C -606 413 27004
C 539 939 27536
C -716 -274 27677
C 616 150 19211
C 972 -865 3519
C 26 -847 23347
C 699 130 30219
C -788 -226 28463
C -394 -425 24791
C -829 -309 13842
C -349 125 30795
C 376 371 5845
C 420 -387 10753
C 867 799 20817
C 457 -611 24825
C -291 916 22295
C -633 760 10171
C 789 -791 9521
C 257 -545 7424
C -240 261 1077
C 132 229 10929
C 483 646 1582
C 824 -866 25126
C 220 551 29261
C -714 630 4583
C 796 209 7257
C -230 -589 26714
C 903 376 31322
C 486 941 5160
C 342 62 13559
C -577 -470 7740
C -540 814 32626
C 521 825 685
C 183 -859 19033
C 954 49 9453
C 458 31 28731
C -902 -207 28945
C -897 784 24062
C -604 -506 7961
C 818 851 174
C -999 351 28276
C 680 55 230
C -731 -366 8001
C 743 -578 6160
C 516 -274 15342
C 656 203 9784
C -283 -783 16716
C -903 -344 12077
C -940 519 11318
C -314 817 7191
C -830 -636 15184
C 226 398 6869
C -70 425 6291
