2851
R -99973 0 -99603 -80115
S -99973 0 -84956 -85017
S -99973 0 -70345 -86420
R -99876 0 -90482 -97963
R -99876 0 -93144 -70617
S -99876 0 -86800 -73292
S -99689 0 -87621 -99423
S -99689 0 -85707 -77035
S -99689 0 -92082 -86009
L -99607 0 -83233 -78914
R -99607 0 -78179 -96133
S -99607 0 -87394 -77966
S -99566 0 -94223 -94350
S -99566 0 -89055 -71182
R -99566 0 -93035 -79526
L -99556 0 -77268 -85309
L -99556 0 -94582 -67967
S -99556 0 -85781 -82382
R -99332 0 -72069 -86990
S -99332 0 -77178 -90218
S -99332 0 -80653 -95967
S -99312 0 -77323 -73515
S -99312 0 -82994 -95992
S -99312 0 -71658 -93399
S -99259 0 -89106 -83053
S -99259 0 -76036 -74460
R -99259 0 -97489 -73094
R -99229 0 -90230 -87566
R -99229 0 -94564 -83220
S -99229 0 -84671 -74273
R -99170 0 -90909 -68044
L -99170 0 -89001 -84968
S -99170 0 -90874 -88681
R -98964 0 -74231 -87626
S -98964 0 -72364 -90757
R -98964 0 -90318 -91656
R -98924 0 -69992 -93233
L -98924 0 -88805 -69680
R -98924 0 -77936 -98906
R -98825 0 -88939 -94046
L -98825 0 -95072 -69595
R -98825 0 -84155 -72632
S -98767 0 -94264 -96096
L -98767 0 -85184 -90535
R -98767 0 -74540 -90112
S -98729 0 -89896 -86869
L -98729 0 -76334 -78488
R -98729 0 -81227 -69866
S -98699 0 -89143 -99304
S -98699 0 -72665 -91013
R -98699 0 -92248 -92015
R -98690 0 -73286 -67323
S -98690 0 -92291 -91911
R -98690 0 -90101 -81489
L -98635 0 -70681 -72510
S -98635 0 -72485 -69369
R -98635 0 -97842 -73849
R -98620 0 -80286 -81615
L -98620 0 -68527 -91338
L -98620 0 -88859 -94418
R -98542 0 -68864 -68236
L -98542 0 -73077 -97441
S -98542 0 -75700 -89027
L -98507 0 -78483 -89276
L -98507 0 -97221 -68149
S -98507 0 -69652 -85878
S -98506 0 -77983 -79942
L -98506 0 -83129 -67259
S -98506 0 -87541 -99991
L -98457 0 -81811 -98950
S -98457 0 -83011 -74333
S -98457 0 -70897 -94752
S -98364 0 -92449 -69761
R -98364 0 -68870 -79897
L -98364 0 -76621 -78204
R -98292 0 -67676 -93446
S -98292 0 -86646 -80367
L -98292 0 -99836 -97535
S -98105 0 -73416 -72708
R -98105 0 -87897 -80853
R -98105 0 -97339 -73094
R -98087 0 -85503 -68630
L -98087 0 -97691 -71361
R -98087 0 -93951 -95425
S -97985 0 -68438 -71194
R -97985 0 -96280 -82377
R -97985 0 -94727 -91246
L -97980 0 -82598 -68426
S -97980 0 -81093 -75306
L -97980 0 -86091 -81805
S -97974 0 -67372 -70958
R -97974 0 -68957 -68540
L -97974 0 -78631 -69473
S -97929 0 -70933 -81764
R -97929 0 -77443 -95762
R -97929 0 -99187 -67247
L -97911 0 -78899 -72213
R -97911 0 -73971 -71517
R -97911 0 -79202 -77976
L -97895 0 -95217 -76933
R -97895 0 -87613 -68809
S -97895 0 -99292 -93456
S -97753 0 -76413 -72233
S -97753 0 -88604 -71921
R -97753 0 -73142 -86956
S -97614 0 -68803 -71972
S -97614 0 -78690 -78744
L -97614 0 -89846 -85612
L -97588 0 -68267 -88090
L -97588 0 -82713 -80587
S -97588 0 -86523 -88232
L -97573 0 -84668 -90560
L -97573 0 -71235 -67609
L -97573 0 -86087 -97090
S -97451 0 -72206 -73604
R -97451 0 -91751 -87423
S -97451 0 -73796 -69083
L -97277 0 -88374 -98644
S -97277 0 -87741 -92230
S -97277 0 -85292 -75146
L -97253 0 -85133 -79680
S -97253 0 -83913 -70870
S -97253 0 -73736 -72819
L -97213 0 -77310 -98958
R -97213 0 -86170 -68947
S -97213 0 -99423 -94762
L -97202 0 -90185 -73339
S -97202 0 -97545 -81280
S -97202 0 -78085 -72650
L -97170 0 -73555 -85438
L -97170 0 -84405 -92475
R -97170 0 -70967 -90918
R -97070 0 -93953 -92296
L -97070 0 -92798 -67468
L -97070 0 -80863 -89981
R -97058 0 -84398 -67472
S -97058 0 -75231 -72477
R -97058 0 -98994 -69274
S -97051 0 -71991 -84853
L -97051 0 -91981 -82329
S -97051 0 -71820 -87106
S -96982 0 -84287 -95354
S -96982 0 -68741 -69188
S -96982 0 -75316 -87657
L -96946 0 -77583 -79200
L -96946 0 -85360 -78025
L -96946 0 -81520 -98167
S -96944 0 -68411 -70899
R -96944 0 -91150 -71688
L -96944 0 -75277 -70833
S -96908 0 -97019 -97415
R -96908 0 -80248 -90489
R -96908 0 -74311 -95610
R -96878 0 -80600 -93801
S -96878 0 -83717 -75864
L -96878 0 -78780 -94470
R -96750 0 -70169 -97825
R -96750 0 -97810 -89266
S -96750 0 -91591 -88764
R -96641 0 -69141 -79089
S -96641 0 -87803 -90387
S -96641 0 -71158 -86618
S -96566 0 -85591 -81903
R -96566 0 -69451 -95838
R -96566 0 -81153 -82836
R -96458 0 -95802 -84411
S -96458 0 -69929 -75803
R -96458 0 -82532 -74174
L -96350 0 -87644 -92305
S -96350 0 -92563 -75835
L -96350 0 -77195 -67283
L -96309 0 -96291 -82508
R -96309 0 -67801 -67623
S -96309 0 -68400 -86476
R -96301 0 -87847 -74394
R -96301 0 -80003 -77200
R -96301 0 -68447 -87836
S -96240 0 -77883 -93290
S -96240 0 -76675 -95323
R -96240 0 -74814 -89823
L -96228 0 -86899 -81506
R -96228 0 -82270 -86946
S -96228 0 -87937 -79601
L -96161 0 -83530 -99031
S -96161 0 -94902 -82585
S -96161 0 -99386 -80904
S -96062 0 -77025 -75422
L -96062 0 -87384 -78564
R -96062 0 -91236 -72588
L -96005 0 -87280 -67261
S -96005 0 -75708 -94358
L -96005 0 -91478 -90304
R -95987 0 -84692 -97201
S -95987 0 -85914 -83185
R -95987 0 -91146 -86644
S -95969 0 -67820 -94701
L -95969 0 -72957 -67500
R -95969 0 -92624 -93021
L -95922 0 -99099 -92609
L -95922 0 -90881 -68411
S -95922 0 -82925 -97739
S -95568 0 -97317 -79303
L -95568 0 -98591 -78706
S -95568 0 -75830 -68678
S -95521 0 -75857 -69001
S -95521 0 -80810 -80512
S -95521 0 -96928 -80744
S -95514 0 -69735 -80631
R -95514 0 -77810 -89868
S -95514 0 -74600 -77287
L -95419 0 -90629 -97264
S -95419 0 -79918 -73472
R -95419 0 -76597 -84649
S -95406 0 -85480 -87525
S -95406 0 -75023 -93507
L -95406 0 -94818 -68963
L -95376 0 -78488 -82013
S -95376 0 -81581 -77169
S -95376 0 -82525 -83206
L -95350 0 -67986 -91114
L -95350 0 -95290 -89940
L -95350 0 -72631 -79883
L -95295 0 -85738 -91593
L -95295 0 -94605 -95406
L -95295 0 -94546 -81253
L -95204 0 -87807 -99651
S -95204 0 -93067 -97929
R -95204 0 -92380 -74130
L -95131 0 -76724 -89745
S -95131 0 -83967 -91186
S -95131 0 -76404 -88624
L -95117 0 -68164 -75718
S -95117 0 -82769 -89225
L -95117 0 -79146 -83709
S -95026 0 -91315 -89873
S -95026 0 -85574 -72519
L -95026 0 -99253 -81447
L -94929 0 -85358 -87639
L -94929 0 -98225 -81519
L -94929 0 -97441 -70236
R -94928 0 -90506 -98034
S -94928 0 -70071 -79102
S -94928 0 -74422 -87030
R -94890 0 -69069 -98585
L -94890 0 -92178 -83613
R -94890 0 -77421 -95035
L -94815 0 -89188 -79166
S -94815 0 -97407 -83166
R -94815 0 -71342 -86150
S -94714 0 -83186 -78436
S -94714 0 -79929 -94541
R -94714 0 -67370 -90070
L -94713 0 -77404 -99129
L -94713 0 -75047 -96348
S -94713 0 -82959 -98324
S -94529 0 -90490 -91258
L -94529 0 -94003 -79852
L -94529 0 -95975 -78607
L -94362 0 -99741 -90607
R -94362 0 -87513 -69902
S -94362 0 -83431 -78339
S -94301 0 -86921 -93177
R -94301 0 -90102 -93991
R -94301 0 -87788 -72481
L -94278 0 -92489 -83596
S -94278 0 -85856 -76702
L -94278 0 -92423 -87922
L -94231 0 -98581 -76559
L -94231 0 -92101 -78786
S -94231 0 -95035 -68881
L -94216 0 -77595 -86383
S -94216 0 -68592 -67456
L -94216 0 -74981 -75916
L -94158 0 -75239 -98672
L -94158 0 -93784 -96812
S -94158 0 -76760 -94440
S -94140 0 -83659 -97277
S -94140 0 -99755 -82788
L -94140 0 -79425 -91298
R -94039 0 -90978 -77063
S -94039 0 -70584 -70867
R -94039 0 -78281 -96931
L -93956 0 -98100 -88374
S -93956 0 -83167 -82537
L -93956 0 -81802 -98554
L -93913 0 -99330 -69487
R -93913 0 -77804 -83256
L -93913 0 -74716 -91110
L -93740 0 -76087 -81161
R -93740 0 -80400 -77335
L -93740 0 -70399 -88678
R -93727 0 -79524 -68641
L -93727 0 -67670 -76738
L -93727 0 -69420 -96883
R -93646 0 -80990 -89704
L -93646 0 -75706 -84234
S -93646 0 -68245 -81300
R -93611 0 -83335 -95082
L -93611 0 -89818 -76370
S -93611 0 -71521 -79709
L -93605 0 -90433 -83994
S -93605 0 -73683 -99950
R -93605 0 -70043 -88615
L -93495 0 -68886 -77347
R -93495 0 -81603 -69019
L -93495 0 -84666 -86780
S -93493 0 -99753 -76883
L -93493 0 -88338 -72238
R -93493 0 -82975 -95370
R -93461 0 -79459 -73247
S -93461 0 -76646 -69935
R -93461 0 -91595 -68000
S -93430 0 -89718 -93957
R -93430 0 -90098 -95724
R -93430 0 -83983 -92799
S -93344 0 -96626 -92003
L -93344 0 -70787 -70233
R -93344 0 -68358 -99589
S -93277 0 -97089 -97013
S -93277 0 -92021 -91824
R -93277 0 -82976 -89722
R -93272 0 -92987 -71193
L -93272 0 -78960 -99757
S -93272 0 -78332 -73354
R -93270 0 -85952 -79245
S -93270 0 -81320 -83808
S -93270 0 -71791 -73137
R -93240 0 -72558 -87362
L -93240 0 -80884 -99168
S -93240 0 -86625 -93729
L -93230 0 -87789 -75124
L -93230 0 -75755 -97267
L -93230 0 -81129 -70895
L -93153 0 -99828 -76333
L -93153 0 -94196 -97881
S -93153 0 -69329 -88580
L -93117 0 -78822 -73695
R -93117 0 -76525 -76132
R -93117 0 -92522 -92203
S -93089 0 -72761 -92331
L -93089 0 -72912 -96772
L -93089 0 -90964 -72493
S -93040 0 -95378 -69796
L -93040 0 -98938 -89703
L -93040 0 -93095 -98524
R -93004 0 -92716 -87040
S -93004 0 -99210 -86761
L -93004 0 -72611 -92804
L -92957 0 -88585 -78100
L -92957 0 -85236 -73950
L -92957 0 -85709 -75531
R -92889 0 -72451 -73881
S -92889 0 -74924 -93696
R -92889 0 -70952 -84693
S -92836 0 -84657 -82309
R -92836 0 -77474 -70666
R -92836 0 -80102 -96549
L -92755 0 -90559 -84607
L -92755 0 -68839 -90818
L -92755 0 -69831 -74632
L -92746 0 -86567 -72114
R -92746 0 -94380 -76674
L -92746 0 -74240 -87703
R -92732 0 -67954 -95374
L -92732 0 -67452 -95232
L -92732 0 -71775 -73744
S -92723 0 -86756 -74691
S -92723 0 -90082 -73445
R -92723 0 -84236 -69911
S -92721 0 -78147 -83046
S -92721 0 -88667 -93044
S -92721 0 -80911 -67615
S -92650 0 -85404 -71210
S -92650 0 -94016 -70222
S -92650 0 -68231 -96451
L -92628 0 -96302 -93981
R -92628 0 -94220 -76824
S -92628 0 -76600 -99487
S -92559 0 -90725 -98356
R -92559 0 -90673 -75659
L -92559 0 -97498 -71403
R -92492 0 -72844 -92858
S -92492 0 -70481 -69433
S -92492 0 -93510 -99680
L -92473 0 -94108 -97627
S -92473 0 -98967 -93197
L -92473 0 -95873 -76718
S -92352 0 -86870 -96353
S -92352 0 -73864 -90186
R -92352 0 -81455 -80786
L -92325 0 -94856 -74589
S -92325 0 -75398 -87966
S -92325 0 -90606 -82504
L -92207 0 -88873 -97102
L -92207 0 -86226 -68474
S -92207 0 -86712 -89329
S -92196 0 -69051 -98062
S -92196 0 -68052 -85973
R -92196 0 -99116 -94246
S -92190 0 -69384 -86148
R -92190 0 -99062 -86788
L -92190 0 -67706 -74690
R -92136 0 -88380 -78829
R -92136 0 -81745 -91209
L -92136 0 -70468 -70334
L -92084 0 -97509 -72514
L -92084 0 -75267 -73546
S -92084 0 -83368 -81794
L -91989 0 -90213 -70264
S -91989 0 -81366 -79752
S -91989 0 -87392 -73760
S -91895 0 -82910 -80441
S -91895 0 -76215 -81312
R -91895 0 -68750 -76376
L -91891 0 -94605 -80192
S -91891 0 -85248 -84167
L -91891 0 -68016 -89675
S -91856 0 -81479 -88447
L -91856 0 -71842 -74216
R -91856 0 -67288 -71503
R -91820 0 -74598 -70844
L -91820 0 -87481 -70231
R -91820 0 -90639 -70976
L -91803 0 -80747 -87362
S -91803 0 -81929 -98018
L -91803 0 -68760 -93509
L -91602 0 -78885 -86494
L -91602 0 -88699 -78043
L -91602 0 -89189 -69593
R -91548 0 -85266 -90428
R -91548 0 -67980 -84289
S -91548 0 -92933 -98978
L -91485 0 -75363 -71526
R -91485 0 -72532 -67386
S -91485 0 -75468 -98135
L -91476 0 -93378 -76010
S -91476 0 -92807 -96638
L -91476 0 -93956 -69064
S -91450 0 -81862 -72185
R -91450 0 -76200 -70485
L -91450 0 -94578 -71102
S -91401 0 -97478 -89213
L -91401 0 -68922 -73836
L -91401 0 -96104 -97870
S -91179 0 -85343 -89841
R -91179 0 -94137 -92025
S -91179 0 -86593 -92896
L -91124 0 -92399 -89740
L -91124 0 -71592 -74383
R -91124 0 -70393 -78572
R -91095 0 -86482 -82419
L -91095 0 -94184 -97428
S -91095 0 -73280 -98362
L -90975 0 -92957 -99982
R -90975 0 -78911 -77356
L -90975 0 -93750 -81973
R -90957 0 -98616 -69954
S -90957 0 -81848 -86311
R -90957 0 -89271 -96130
L -90813 0 -79740 -76811
L -90813 0 -81980 -81952
S -90813 0 -70874 -80903
S -90773 0 -77508 -87253
S -90773 0 -98967 -67838
S -90773 0 -79893 -86013
S -90750 0 -70799 -93836
L -90750 0 -82892 -84850
R -90750 0 -84768 -82370
L -90728 0 -69671 -70698
R -90728 0 -92252 -98721
S -90728 0 -69778 -81554
L -90727 0 -74478 -93783
L -90727 0 -71666 -87975
L -90727 0 -99015 -74556
S -90725 0 -96948 -77529
S -90725 0 -95120 -69513
S -90725 0 -70804 -95391
S -90687 0 -88270 -92637
L -90687 0 -89644 -76249
R -90687 0 -77780 -96880
S -90664 0 -97859 -72680
L -90664 0 -68461 -88084
R -90664 0 -99026 -92558
L -90647 0 -95557 -95215
L -90647 0 -77269 -85126
R -90647 0 -98586 -69625
R -90607 0 -98774 -74721
L -90607 0 -73126 -97334
S -90607 0 -96826 -97062
L -90596 0 -94026 -79539
L -90596 0 -72521 -68136
R -90596 0 -82043 -84546
L -90535 0 -83454 -92581
R -90535 0 -87020 -67572
R -90535 0 -97171 -96418
L -90395 0 -74879 -96089
S -90395 0 -97482 -77448
L -90395 0 -89835 -72057
L -90342 0 -94460 -87550
S -90342 0 -74029 -88721
R -90342 0 -98530 -93316
L -90337 0 -84911 -85645
L -90337 0 -69925 -74451
R -90337 0 -94265 -70728
R -90303 0 -67750 -80374
S -90303 0 -76442 -97157
S -90303 0 -85646 -80167
R -90284 0 -93973 -84396
L -90284 0 -93204 -79978
L -90284 0 -72333 -80196
S -90271 0 -97808 -80874
S -90271 0 -86127 -69682
S -90271 0 -90690 -89110
L -90235 0 -94818 -92342
S -90235 0 -85089 -79482
L -90235 0 -81328 -67873
R -90058 0 -77542 -90973
L -90058 0 -88690 -91734
S -90058 0 -74646 -93215
L -90021 0 -92285 -77062
L -90021 0 -81872 -97871
L -90021 0 -87566 -93610
L -89981 0 -98458 -87950
L -89981 0 -68663 -83775
R -89981 0 -80492 -75302
L -89909 0 -81160 -76996
S -89909 0 -80058 -88680
L -89909 0 -89981 -74099
S -89897 0 -96579 -74953
R -89897 0 -75050 -67521
R -89897 0 -77595 -72890
R -89888 0 -95654 -89878
S -89888 0 -96633 -85066
L -89888 0 -80827 -68684
S -89848 0 -96832 -72829
R -89848 0 -69706 -67816
S -89848 0 -79950 -89705
R -89834 0 -69375 -70938
R -89834 0 -96647 -93461
S -89834 0 -90297 -84085
R -89755 0 -98464 -74769
R -89755 0 -83893 -73069
R -89755 0 -88747 -75476
S -89688 0 -80256 -86932
L -89688 0 -75877 -79065
S -89688 0 -86681 -83091
L -89630 0 -69441 -99959
L -89630 0 -77801 -67562
R -89630 0 -81459 -93826
S -89613 0 -96739 -98662
S -89613 0 -78397 -81061
S -89613 0 -77177 -79462
S -89576 0 -75450 -72829
S -89576 0 -93892 -99788
R -89576 0 -89452 -93557
R -89569 0 -94577 -73412
L -89569 0 -76358 -85860
L -89569 0 -82669 -86583
S -89552 0 -93945 -90087
S -89552 0 -98896 -72460
R -89552 0 -94784 -91262
S -89532 0 -86538 -96548
L -89532 0 -81643 -89447
R -89532 0 -69454 -97042
S -89491 0 -95916 -81213
L -89491 0 -72513 -70301
R -89491 0 -83107 -82256
R -89450 0 -82401 -69623
R -89450 0 -89002 -75458
S -89450 0 -68278 -90041
L -89441 0 -76896 -79973
L -89441 0 -98106 -92069
L -89441 0 -81655 -94550
R -89433 0 -78600 -73241
R -89433 0 -89277 -77911
L -89433 0 -72134 -79956
L -89430 0 -95595 -79856
R -89430 0 -95954 -68459
S -89430 0 -93232 -96068
S -89405 0 -94895 -97289
L -89405 0 -79995 -87988
L -89405 0 -74285 -71913
L -89358 0 -99979 -68404
R -89358 0 -68442 -80915
L -89358 0 -82871 -71535
S -89346 0 -95275 -85721
R -89346 0 -82557 -72093
R -89346 0 -67305 -68751
S -89257 0 -90699 -98078
S -89257 0 -71772 -90124
L -89257 0 -91920 -77534
R -89241 0 -72633 -79844
R -89241 0 -93312 -89959
S -89241 0 -69708 -93537
L -89226 0 -74026 -71109
S -89226 0 -95459 -72261
L -89226 0 -79162 -67869
R -89055 0 -68864 -96577
R -89055 0 -76045 -91915
R -89055 0 -99261 -77108
S -88787 0 -92025 -79039
L -88787 0 -79998 -68387
L -88787 0 -88025 -84181
L -88761 0 -82264 -82683
L -88761 0 -87002 -72183
R -88761 0 -94020 -99080
R -88753 0 -77064 -89651
L -88753 0 -90114 -94771
L -88753 0 -77334 -79644
R -88742 0 -92621 -72958
R -88742 0 -82927 -91810
S -88742 0 -93379 -78143
S -88723 0 -80512 -84146
S -88723 0 -87570 -74911
S -88723 0 -80194 -69004
L -88622 0 -90338 -74192
R -88622 0 -93064 -94439
R -88622 0 -90373 -88208
R -88559 0 -98446 -92613
R -88559 0 -74591 -68705
R -88559 0 -94013 -69398
L -88542 0 -77845 -97796
L -88542 0 -76222 -77070
S -88542 0 -96888 -68538
R -88495 0 -76996 -83782
S -88495 0 -84655 -74809
L -88495 0 -71320 -99220
R -88427 0 -93479 -92271
R -88427 0 -78308 -80298
L -88427 0 -95162 -71672
L -88346 0 -73792 -74607
S -88346 0 -70816 -74848
L -88346 0 -69756 -92704
R -88327 0 -95000 -67352
R -88327 0 -76978 -68646
R -88327 0 -89557 -79416
R -88242 0 -76810 -87988
L -88242 0 -85801 -87034
L -88242 0 -78922 -95783
S -88192 0 -80628 -95473
S -88192 0 -96036 -82973
S -88192 0 -95818 -71947
R -88157 0 -79678 -94801
L -88157 0 -83173 -78668
S -88157 0 -73984 -76605
R -87998 0 -88144 -89159
S -87998 0 -74528 -80237
R -87998 0 -85199 -68443
S -87941 0 -78573 -92835
R -87941 0 -94224 -94898
R -87941 0 -75870 -76718
S -87614 0 -89490 -88570
S -87614 0 -73177 -71946
R -87614 0 -81112 -70623
L -87472 0 -98244 -98359
R -87472 0 -77133 -92751
R -87472 0 -79820 -69081
R -87468 0 -76789 -73068
R -87468 0 -73719 -74899
S -87468 0 -98007 -86351
R -87436 0 -76138 -71843
S -87436 0 -94765 -99970
R -87436 0 -90874 -85052
R -87428 0 -95048 -96570
S -87428 0 -84851 -92327
R -87428 0 -87364 -99159
S -87299 0 -72618 -77847
R -87299 0 -84847 -89372
R -87299 0 -95300 -74831
S -87197 0 -91513 -88238
S -87197 0 -72516 -97780
S -87197 0 -72027 -95309
L -87194 0 -79190 -78002
S -87194 0 -75528 -89939
R -87194 0 -75484 -96273
L -87114 0 -90581 -85488
L -87114 0 -67771 -76052
R -87114 0 -76712 -79778
S -87025 0 -89318 -83094
L -87025 0 -77282 -89205
S -87025 0 -93862 -99940
L -86909 0 -72716 -77055
S -86909 0 -68271 -93464
L -86909 0 -68676 -94489
S -86882 0 -96994 -95931
S -86882 0 -78180 -84317
R -86882 0 -94690 -69144
L -86863 0 -99063 -92003
L -86863 0 -86616 -91361
S -86863 0 -73436 -71866
R -86856 0 -97797 -79491
R -86856 0 -94390 -98470
S -86856 0 -71820 -77769
S -86721 0 -92954 -72862
R -86721 0 -92667 -96050
L -86721 0 -89718 -94084
S -86669 0 -85278 -70162
R -86669 0 -80321 -94114
L -86669 0 -87427 -74345
S -86626 0 -82151 -70503
L -86626 0 -72011 -80262
R -86626 0 -99570 -71909
S -86566 0 -84662 -80730
R -86566 0 -76281 -91144
L -86566 0 -68971 -69277
L -86520 0 -83656 -69526
L -86520 0 -78730 -71074
S -86520 0 -92755 -68842
S -86489 0 -85619 -76793
S -86489 0 -70362 -93808
L -86489 0 -81747 -74952
S -86329 0 -74459 -80094
S -86329 0 -78707 -99817
L -86329 0 -73659 -87863
R -86250 0 -79935 -97219
L -86250 0 -83507 -68991
R -86250 0 -86807 -82408
L -86159 0 -82043 -99902
R -86159 0 -84183 -97395
S -86159 0 -68151 -87733
L -86097 0 -98599 -81438
R -86097 0 -85541 -71138
R -86097 0 -78211 -79652
R -86073 0 -84354 -90676
R -86073 0 -80905 -84188
R -86073 0 -98624 -94734
R -86046 0 -93701 -96785
R -86046 0 -87273 -68348
R -86046 0 -68156 -67618
R -86042 0 -80721 -97207
S -86042 0 -84731 -69853
S -86042 0 -79101 -95449
S -85909 0 -83933 -69914
S -85909 0 -82005 -89183
R -85909 0 -93023 -78873
L -85877 0 -88972 -96226
S -85877 0 -91172 -77724
R -85877 0 -90186 -67988
R -85689 0 -81416 -75971
S -85689 0 -83230 -80892
R -85689 0 -69350 -89514
L -85558 0 -69797 -96368
S -85558 0 -90921 -69571
R -85558 0 -68217 -99414
S -85528 0 -87571 -92915
R -85528 0 -95707 -98585
S -85528 0 -98767 -91502
S -85450 0 -90655 -76524
L -85450 0 -78647 -87123
L -85450 0 -89307 -94785
S -85411 0 -68965 -78086
S -85411 0 -70093 -84998
L -85411 0 -67835 -84815
S -85145 0 -74895 -87205
R -85145 0 -97073 -91190
R -85145 0 -86013 -74169
L -85120 0 -69794 -93595
R -85120 0 -71521 -89744
S -85120 0 -92118 -92824
L -85116 0 -71011 -69475
S -85116 0 -79758 -76950
L -85116 0 -79026 -71510
S -85067 0 -77010 -92464
L -85067 0 -89713 -89393
S -85067 0 -93371 -91339
S -85032 0 -92770 -76507
L -85032 0 -91648 -77296
R -85032 0 -89300 -74651
S -84924 0 -89666 -75120
R -84924 0 -81485 -93453
S -84924 0 -91926 -85813
S -84868 0 -71927 -91876
R -84868 0 -75477 -75752
R -84868 0 -92106 -68964
L -84813 0 -74022 -97095
L -84813 0 -99197 -90780
S -84813 0 -92999 -96066
S -84810 0 -88365 -96870
R -84810 0 -96286 -96219
L -84810 0 -95946 -99616
R -84798 0 -92163 -83898
S -84798 0 -80196 -95527
R -84798 0 -67658 -86417
R -84776 0 -75897 -72471
R -84776 0 -93841 -97845
L -84776 0 -85212 -87235
S -84762 0 -89039 -80760
S -84762 0 -68324 -76532
L -84762 0 -86807 -92104
S -84688 0 -86075 -96740
R -84688 0 -69679 -73352
R -84688 0 -73378 -98425
L -84649 0 -84436 -74032
S -84649 0 -82085 -94785
S -84649 0 -93130 -88357
R -84634 0 -78850 -92208
L -84634 0 -79013 -77400
L -84634 0 -71129 -85019
S -84573 0 -90969 -77473
R -84573 0 -72851 -72434
S -84573 0 -90242 -82392
S -84560 0 -93075 -72128
R -84560 0 -69491 -91832
S -84560 0 -85150 -88418
L -84558 0 -78592 -78963
R -84558 0 -72457 -75018
S -84558 0 -70155 -72979
R -84454 0 -93351 -79729
S -84454 0 -83919 -76950
S -84454 0 -83057 -86750
R -84415 0 -93166 -82119
R -84415 0 -88818 -71642
R -84415 0 -97851 -95710
R -84414 0 -84088 -79536
S -84414 0 -82503 -82902
R -84414 0 -72954 -87973
R -84397 0 -95916 -67728
L -84397 0 -78282 -87547
L -84397 0 -70684 -96939
R -84371 0 -82170 -76198
R -84371 0 -98344 -82209
R -84371 0 -69263 -72652
R -84319 0 -90064 -76704
S -84319 0 -77671 -74237
S -84319 0 -95694 -83886
L -84189 0 -80361 -97334
R -84189 0 -80033 -85626
S -84189 0 -93297 -94614
L -84175 0 -68699 -75650
S -84175 0 -71033 -83933
R -84175 0 -85034 -97257
S -84169 0 -84359 -86440
R -84169 0 -69543 -71318
L -84169 0 -78554 -77678
S -84161 0 -88032 -68875
R -84161 0 -67282 -73528
L -84161 0 -69671 -93450
R -84126 0 -93474 -96034
S -84126 0 -69271 -92904
R -84126 0 -91319 -75413
R -84108 0 -98410 -85167
L -84108 0 -94822 -88641
L -84108 0 -93693 -69109
L -84054 0 -75096 -73435
S -84054 0 -82590 -96382
L -84054 0 -81205 -73371
L -84043 0 -99355 -77203
R -84043 0 -97809 -87411
R -84043 0 -75275 -89120
S -83965 0 -97818 -88079
L -83965 0 -74969 -73615
S -83965 0 -96509 -67983
S -83905 0 -87188 -82790
R -83905 0 -95516 -89094
S -83905 0 -69496 -92066
R -83900 0 -83569 -96176
S -83900 0 -77883 -82385
L -83900 0 -80703 -91382
S -83880 0 -99352 -95984
R -83880 0 -97918 -70946
L -83880 0 -73884 -84489
L -83878 0 -97283 -91618
R -83878 0 -84274 -72587
S -83878 0 -86641 -97149
R -83875 0 -86127 -95592
R -83875 0 -73442 -69078
L -83875 0 -74013 -73711
R -83833 0 -77396 -99364
R -83833 0 -88841 -97134
S -83833 0 -90325 -97134
L -83814 0 -77708 -72326
S -83814 0 -84589 -70600
S -83814 0 -92633 -88396
S -83776 0 -89549 -73806
L -83776 0 -85772 -93476
S -83776 0 -76988 -71139
L -83749 0 -82413 -76124
L -83749 0 -68156 -87209
S -83749 0 -87687 -95369
S -83689 0 -72318 -75839
R -83689 0 -82285 -76452
R -83689 0 -72843 -72381
S -83506 0 -85702 -92132
R -83506 0 -96687 -95855
L -83506 0 -85276 -96345
S -83367 0 -91812 -70227
R -83367 0 -71657 -92236
R -83367 0 -74370 -83282
R -83329 0 -77276 -94552
L -83329 0 -73576 -72769
L -83329 0 -98031 -81991
S -83305 0 -73961 -77462
S -83305 0 -89641 -85933
R -83305 0 -72759 -77289
L -83256 0 -82738 -86854
S -83256 0 -91665 -68657
L -83256 0 -83867 -94222
R -83240 0 -96877 -87226
L -83240 0 -68586 -81188
S -83240 0 -92644 -70631
L -83173 0 -94311 -84319
L -83173 0 -80097 -92588
S -83173 0 -85416 -74157
L -83097 0 -81032 -74441
R -83097 0 -71900 -70702
R -83097 0 -82278 -95430
L -83071 0 -73690 -76819
S -83071 0 -67549 -80050
L -83071 0 -84200 -74294
R -83023 0 -90700 -82074
S -83023 0 -98891 -81528
L -83023 0 -98561 -74698
R -83010 0 -85395 -91614
L -83010 0 -79839 -73158
L -83010 0 -70306 -86377
L -83009 0 -84429 -89093
S -83009 0 -75392 -76216
L -83009 0 -99813 -87666
R -82985 0 -78305 -99167
R -82985 0 -82520 -69283
S -82985 0 -90993 -96261
L -82970 0 -98593 -86486
L -82970 0 -72165 -88127
S -82970 0 -84593 -88496
L -82934 0 -94658 -78382
L -82934 0 -67796 -92084
L -82934 0 -90858 -75993
L -82800 0 -95015 -79747
R -82800 0 -88555 -88138
S -82800 0 -86073 -91096
L -82785 0 -96518 -82538
S -82785 0 -73794 -72257
S -82785 0 -93441 -98461
S -82758 0 -96263 -80285
L -82758 0 -98732 -79388
S -82758 0 -72137 -79705
L -82690 0 -90675 -98069
L -82690 0 -71665 -92009
S -82690 0 -78120 -88195
L -82638 0 -68988 -99079
L -82638 0 -91215 -81101
L -82638 0 -79911 -68142
L -82611 0 -69671 -94496
R -82611 0 -98393 -89044
R -82611 0 -69436 -81804
L -82588 0 -80596 -73961
L -82588 0 -78127 -72159
S -82588 0 -77850 -91666
S -82510 0 -89472 -90436
R -82510 0 -79264 -98341
S -82510 0 -87584 -85659
L -82502 0 -91315 -71523
R -82502 0 -99770 -79766
R -82502 0 -80685 -95607
S -82499 0 -99772 -76951
S -82499 0 -78295 -94769
S -82499 0 -84007 -76619
R -82410 0 -70812 -72449
R -82410 0 -69914 -90629
S -82410 0 -75890 -94516
L -82295 0 -76831 -81882
R -82295 0 -92935 -88817
S -82295 0 -67891 -85377
S -82234 0 -96302 -74481
R -82234 0 -77206 -68327
L -82234 0 -90375 -74497
L -81975 0 -74839 -85396
S -81975 0 -98544 -95544
R -81975 0 -88734 -89024
S -81821 0 -72749 -83959
S -81821 0 -70583 -81971
L -81821 0 -87129 -77988
R -81819 0 -90337 -70368
L -81819 0 -81547 -71972
L -81819 0 -84187 -78400
L -81687 0 -75592 -74780
L -81687 0 -68394 -76142
S -81687 0 -86059 -74727
S -81618 0 -76587 -81670
R -81618 0 -78676 -98390
R -81618 0 -77531 -92349
R -81544 0 -71828 -75562
L -81544 0 -81256 -73663
S -81544 0 -67669 -90961
S -81485 0 -67958 -86476
R -81485 0 -92234 -79586
R -81485 0 -78642 -92944
R -81440 0 -85467 -70616
R -81440 0 -69143 -79045
R -81440 0 -86605 -69521
L -81416 0 -95874 -99465
L -81416 0 -95411 -93444
L -81416 0 -74486 -96383
L -81331 0 -87447 -72133
L -81331 0 -73006 -80936
L -81331 0 -88167 -96697
R -81303 0 -85735 -70142
L -81303 0 -95904 -73112
R -81303 0 -85611 -73173
R -81232 0 -86204 -81957
R -81232 0 -87772 -76784
S -81232 0 -84188 -75311
L -81230 0 -71748 -94437
S -81230 0 -78644 -81223
S -81230 0 -84832 -97841
L -81198 0 -92217 -70974
R -81198 0 -79142 -92057
S -81198 0 -83084 -69732
L -81139 0 -99867 -87366
R -81139 0 -90787 -91777
R -81139 0 -82262 -97950
L -81138 0 -72253 -87697
R -81138 0 -71506 -84451
L -81138 0 -70018 -74562
L -81122 0 -90231 -68749
R -81122 0 -93180 -79406
S -81122 0 -74598 -75878
R -81072 0 -90937 -99799
R -81072 0 -86791 -98666
S -81072 0 -87356 -72295
S -81035 0 -77907 -67676
L -81035 0 -70824 -85283
L -81035 0 -97249 -87591
R -81001 0 -67242 -73395
S -81001 0 -90929 -70649
S -81001 0 -88744 -81939
S -80921 0 -87482 -76832
R -80921 0 -92078 -76375
R -80921 0 -77236 -98210
S -80883 0 -97171 -90401
R -80883 0 -88230 -72862
R -80883 0 -75758 -80866
S -80871 0 -93102 -78181
L -80871 0 -88252 -86482
S -80871 0 -85906 -79959
S -80740 0 -82124 -91312
S -80740 0 -94346 -71806
S -80740 0 -92145 -91706
S -80733 0 -73161 -79595
L -80733 0 -91877 -95338
S -80733 0 -99536 -79058
S -80729 0 -72958 -92276
S -80729 0 -95346 -87654
L -80729 0 -93074 -87170
S -80671 0 -86949 -85621
S -80671 0 -82731 -68653
R -80671 0 -96270 -92866
L -80669 0 -69225 -70586
S -80669 0 -84042 -89382
S -80669 0 -83642 -70168
S -80651 0 -87549 -73060
L -80651 0 -81596 -74140
R -80651 0 -88987 -73679
R -80645 0 -93804 -72569
L -80645 0 -84472 -89245
R -80645 0 -85270 -80384
S -80618 0 -86416 -91144
R -80618 0 -99580 -77212
R -80618 0 -70550 -97065
R -80606 0 -68803 -98443
R -80606 0 -91837 -97683
R -80606 0 -94880 -91485
L -80482 0 -89033 -98225
R -80482 0 -91462 -85037
L -80482 0 -93652 -93663
L -80437 0 -83597 -88736
R -80437 0 -68191 -74826
L -80437 0 -87010 -74401
L -80391 0 -89375 -80776
L -80391 0 -77938 -78808
R -80391 0 -68484 -99829
S -80380 0 -89365 -91118
R -80380 0 -85001 -96723
S -80380 0 -92666 -92547
S -80315 0 -99645 -99359
R -80315 0 -93718 -75242
S -80315 0 -90260 -98356
R -80220 0 -69708 -80298
R -80220 0 -97517 -86049
L -80220 0 -77404 -81844
L -80140 0 -77026 -86474
L -80140 0 -93581 -84835
R -80140 0 -93394 -76992
R -80108 0 -82201 -99639
S -80108 0 -97455 -79071
S -80108 0 -78426 -98897
S -80074 0 -84358 -89516
S -80074 0 -95928 -78508
S -80074 0 -70354 -96875
R -80048 0 -73553 -98848
L -80048 0 -96129 -83714
L -80048 0 -93797 -67607
R -79870 0 -87746 -95632
S -79870 0 -73351 -90636
R -79870 0 -77971 -81100
S -79817 0 -75652 -70855
L -79817 0 -94733 -74526
L -79817 0 -85265 -69721
R -79805 0 -88429 -98942
R -79805 0 -99126 -78552
S -79805 0 -89569 -98574
L -79747 0 -95357 -91610
R -79747 0 -83735 -96888
L -79747 0 -79322 -78514
S -79698 0 -90245 -71177
S -79698 0 -95320 -92524
L -79698 0 -95352 -99721
S -79673 0 -75911 -79497
R -79673 0 -96990 -76000
R -79673 0 -72616 -82810
L -79429 0 -75732 -70249
S -79429 0 -84629 -81373
L -79429 0 -83437 -75795
R -79392 0 -94833 -90489
S -79392 0 -67655 -89404
L -79392 0 -86803 -90362
L -79259 0 -81998 -82252
R -79259 0 -95026 -84332
R -79259 0 -74573 -89875
R -79201 0 -94800 -81015
S -79201 0 -68537 -76003
R -79201 0 -78952 -73055
S -79179 0 -90684 -93548
L -79179 0 -95061 -68793
R -79179 0 -72322 -69978
L -79105 0 -98824 -85741
L -79105 0 -94150 -68016
R -79105 0 -85351 -96623
R -79083 0 -85274 -86753
R -79083 0 -91910 -99004
S -79083 0 -68985 -90290
S -79081 0 -75144 -69910
L -79081 0 -98190 -82642
S -79081 0 -75474 -74750
S -79070 0 -88385 -96821
L -79070 0 -81909 -95348
R -79070 0 -67333 -80691
R -79067 0 -75480 -75760
R -79067 0 -99043 -71780
S -79067 0 -90535 -78367
L -79028 0 -73541 -86584
S -79028 0 -83965 -98653
L -79028 0 -94594 -83801
S -79004 0 -74195 -86517
S -79004 0 -84012 -82368
R -79004 0 -77863 -82970
L -78998 0 -88348 -72857
R -78998 0 -76652 -69795
S -78998 0 -70457 -98006
L -78968 0 -99252 -96393
R -78968 0 -81931 -75412
S -78968 0 -93854 -84769
R -78940 0 -90371 -98608
S -78940 0 -69376 -73496
S -78940 0 -95366 -68647
S -78814 0 -82515 -72242
R -78814 0 -69310 -80561
R -78814 0 -90082 -91073
S -78811 0 -94752 -89116
R -78811 0 -95665 -73191
S -78811 0 -70587 -81641
S -78802 0 -85805 -98698
L -78802 0 -79686 -68775
S -78802 0 -86423 -96538
R -78783 0 -69351 -72338
L -78783 0 -96817 -87557
S -78783 0 -68291 -76521
R -78759 0 -68133 -97525
R -78759 0 -83017 -88850
R -78759 0 -76857 -74959
L -78740 0 -78142 -80495
S -78740 0 -73779 -99435
L -78740 0 -68230 -83454
S -78716 0 -79885 -68371
R -78716 0 -70328 -83122
L -78716 0 -78551 -98236
L -78622 0 -75871 -82067
R -78622 0 -82287 -74502
L -78622 0 -86032 -71830
S -78590 0 -82146 -77811
S -78590 0 -74288 -91964
S -78590 0 -95904 -87914
L -78510 0 -84097 -80365
S -78510 0 -88674 -70249
L -78510 0 -96113 -87314
S -78327 0 -80346 -91917
L -78327 0 -69409 -98547
L -78327 0 -82463 -97346
R -78309 0 -86070 -72533
R -78309 0 -80598 -71753
R -78309 0 -86114 -92626
R -78239 0 -98080 -91629
S -78239 0 -72368 -92406
L -78239 0 -98374 -72835
L -78236 0 -75666 -70685
R -78236 0 -89637 -91814
S -78236 0 -71852 -90638
S -78204 0 -90457 -74671
L -78204 0 -91229 -94807
R -78204 0 -90924 -90101
R -78168 0 -89361 -75622
R -78168 0 -94012 -73673
L -78168 0 -81992 -76139
S -78124 0 -76526 -88366
L -78124 0 -80228 -69104
R -78124 0 -85653 -79963
L -78123 0 -99382 -73780
R -78123 0 -80993 -68337
S -78123 0 -72518 -99914
L -78041 0 -98569 -93692
S -78041 0 -73188 -81652
L -78041 0 -84534 -72362
L -77985 0 -88562 -78912
L -77985 0 -73397 -93645
R -77985 0 -75119 -89823
S -77890 0 -91227 -99856
R -77890 0 -95170 -79432
L -77890 0 -98230 -70908
L -77880 0 -86731 -92560
R -77880 0 -72057 -81576
R -77880 0 -80809 -72965
L -77867 0 -87459 -74818
S -77867 0 -90955 -75920
S -77867 0 -67700 -95554
S -77777 0 -95929 -70343
R -77777 0 -79120 -74599
L -77777 0 -93982 -83156
S -77713 0 -90608 -71032
S -77713 0 -92572 -78600
S -77713 0 -69387 -95419
S -77417 0 -77518 -95805
R -77417 0 -88520 -94516
S -77417 0 -87580 -70127
L -77362 0 -72353 -71837
R -77362 0 -78018 -90904
R -77362 0 -67734 -72744
S -77333 0 -92318 -95182
L -77333 0 -77400 -73974
R -77333 0 -97979 -77726
R -77283 0 -81201 -96086
S -77283 0 -71072 -79014
S -77283 0 -68020 -87229
L -77213 0 -78680 -81268
R -77213 0 -81448 -93320
R -77213 0 -91969 -90016
S -77163 0 -69300 -99186
L -77163 0 -98196 -72490
R -77163 0 -97098 -88534
R -77148 0 -80567 -95891
S -77148 0 -93012 -67749
R -77148 0 -73797 -74685
R -76993 0 -77600 -77094
L -76993 0 -93657 -92547
L -76993 0 -78603 -98159
L -76950 0 -82845 -85527
R -76950 0 -94319 -77733
S -76950 0 -97429 -81438
S -76909 0 -92236 -75253
R -76909 0 -89770 -76939
L -76909 0 -78776 -98641
L -76874 0 -69240 -91966
L -76874 0 -95751 -94442
R -76874 0 -94936 -72796
R -76775 0 -81082 -83057
L -76775 0 -95275 -85100
R -76775 0 -71976 -85772
R -76744 0 -82796 -75062
R -76744 0 -98285 -96537
R -76744 0 -70899 -98650
R -76668 0 -80404 -72868
S -76668 0 -97032 -67761
L -76668 0 -95238 -67752
L -76536 0 -85038 -77158
S -76536 0 -79409 -83721
R -76536 0 -82220 -98771
R -76535 0 -86904 -98636
L -76535 0 -79579 -74524
R -76535 0 -72029 -73755
S -76518 0 -81841 -78989
S -76518 0 -85487 -98683
S -76518 0 -94480 -75699
S -76477 0 -83828 -90570
S -76477 0 -71758 -85307
L -76477 0 -76245 -86906
S -76341 0 -82820 -92813
R -76341 0 -71116 -90510
L -76341 0 -84502 -86054
R -76321 0 -87503 -80087
L -76321 0 -82181 -76985
L -76321 0 -87226 -95214
S -76252 0 -67318 -71940
R -76252 0 -92735 -91633
R -76252 0 -87040 -71794
S -76192 0 -84237 -98300
S -76192 0 -96569 -68212
S -76192 0 -72385 -77165
L -76130 0 -80894 -84127
R -76130 0 -71056 -82646
R -76130 0 -96517 -93572
L -76124 0 -71601 -89024
L -76124 0 -97060 -98386
S -76124 0 -70794 -82725
L -76056 0 -78301 -98605
L -76056 0 -90017 -82602
L -76056 0 -78768 -70220
L -75983 0 -74048 -95391
R -75983 0 -79904 -80340
R -75983 0 -98533 -95415
L -75907 0 -95617 -96374
L -75907 0 -86384 -68486
R -75907 0 -69254 -78025
S -75900 0 -84745 -78014
L -75900 0 -97165 -72551
L -75900 0 -73429 -98345
S -75884 0 -72616 -82890
R -75884 0 -94296 -97636
L -75884 0 -88426 -84451
L -75838 0 -98471 -82528
L -75838 0 -69495 -91262
L -75838 0 -71509 -95385
R -75770 0 -71881 -90200
S -75770 0 -95514 -72978
S -75770 0 -80065 -71676
L -75759 0 -89155 -81687
L -75759 0 -83700 -73825
L -75759 0 -96988 -84401
S -75707 0 -84658 -75332
S -75707 0 -82591 -81896
R -75707 0 -94805 -79941
S -75594 0 -96922 -78778
R -75594 0 -70223 -96707
R -75594 0 -71330 -94174
S -75588 0 -71664 -96887
S -75588 0 -73850 -93240
S -75588 0 -72698 -77522
L -75570 0 -81602 -92443
L -75570 0 -98534 -83222
L -75570 0 -75168 -85312
S -75521 0 -84211 -86837
L -75521 0 -97584 -74377
S -75521 0 -69618 -72044
R -75505 0 -68012 -85365
L -75505 0 -87251 -87454
R -75505 0 -74074 -88929
L -75438 0 -98030 -90993
S -75438 0 -80952 -99203
L -75438 0 -84753 -75049
L -75429 0 -76136 -79526
S -75429 0 -68685 -94535
L -75429 0 -79452 -88485
L -75338 0 -93311 -98528
S -75338 0 -86977 -67240
S -75338 0 -71840 -72381
S -75320 0 -99371 -94497
S -75320 0 -99532 -96054
L -75320 0 -73861 -84100
R -75261 0 -78867 -71886
S -75261 0 -81462 -79305
R -75261 0 -77826 -71054
S -75127 0 -82706 -85921
S -75127 0 -72688 -68897
L -75127 0 -94982 -74106
S -75118 0 -69640 -83891
R -75118 0 -99202 -74035
R -75118 0 -75801 -80265
S -75023 0 -98468 -77726
L -75023 0 -94751 -91999
S -75023 0 -69673 -98234
S -74939 0 -75919 -92037
S -74939 0 -89619 -98476
R -74939 0 -91238 -97207
S -74920 0 -81689 -75393
S -74920 0 -78576 -98239
L -74920 0 -87250 -77221
S -74868 0 -80727 -75980
S -74868 0 -81824 -79137
S -74868 0 -90098 -86415
L -74803 0 -76381 -84887
R -74803 0 -67402 -85785
L -74803 0 -80838 -84734
R -74780 0 -96491 -68215
R -74780 0 -80298 -73501
S -74780 0 -96752 -88841
R -74771 0 -92626 -86727
S -74771 0 -70987 -89510
L -74771 0 -97455 -98266
S -74753 0 -80855 -83057
R -74753 0 -69061 -97784
L -74753 0 -75807 -88951
S -74733 0 -99801 -93187
L -74733 0 -78315 -81424
L -74733 0 -92891 -94297
S -74729 0 -97678 -96498
R -74729 0 -92564 -84948
R -74729 0 -78576 -70932
R -74724 0 -75023 -72575
R -74724 0 -75869 -83784
R -74724 0 -71623 -91415
S -74713 0 -77067 -82070
L -74713 0 -70293 -84552
R -74713 0 -89964 -88920
S -74483 0 -75095 -97955
R -74483 0 -80697 -74010
L -74483 0 -97632 -89185
L -74371 0 -84793 -91439
R -74371 0 -99746 -78809
S -74371 0 -76500 -94226
L -74230 0 -87196 -78273
R -74230 0 -82778 -96130
R -74230 0 -78851 -96295
L -74202 0 -94483 -89946
R -74202 0 -85554 -83501
L -74202 0 -97285 -98100
S -74119 0 -85331 -84615
R -74119 0 -69768 -92348
R -74119 0 -96329 -97460
L -74102 0 -74634 -92884
L -74102 0 -72036 -71934
S -74102 0 -93858 -85356
L -74092 0 -80578 -72499
S -74092 0 -94166 -98845
L -74092 0 -99461 -87072
L -74019 0 -71979 -83339
L -74019 0 -84154 -95696
L -74019 0 -72688 -93559
L -73944 0 -67843 -78473
L -73944 0 -97225 -90021
R -73944 0 -98826 -84609
R -73916 0 -87421 -93555
L -73916 0 -67748 -74851
L -73916 0 -99711 -69685
S -73912 0 -83143 -85125
L -73912 0 -72253 -82513
S -73912 0 -71213 -95973
L -73910 0 -81451 -94494
L -73910 0 -77508 -90087
S -73910 0 -99726 -82811
S -73907 0 -77531 -75727
S -73907 0 -85000 -78129
S -73907 0 -85773 -99584
R -73842 0 -69094 -75529
R -73842 0 -91115 -92401
R -73842 0 -92459 -78764
S -73731 0 -83820 -95219
S -73731 0 -78427 -96573
L -73731 0 -95253 -86948
S -73709 0 -84232 -90039
L -73709 0 -89574 -92208
L -73709 0 -71709 -82951
S -73699 0 -87306 -85069
L -73699 0 -93676 -73704
R -73699 0 -97853 -72692
R -73668 0 -71672 -91776
L -73668 0 -77052 -71136
R -73668 0 -93826 -70078
R -73649 0 -76654 -95174
S -73649 0 -80853 -72817
S -73649 0 -80916 -71000
S -73635 0 -76625 -91431
S -73635 0 -90418 -88570
R -73635 0 -76856 -79307
R -73576 0 -79355 -83265
S -73576 0 -95291 -93180
S -73576 0 -91519 -84528
R -73517 0 -69058 -97838
R -73517 0 -68436 -88369
R -73517 0 -73213 -88450
L -73431 0 -68102 -68820
L -73431 0 -85678 -87141
S -73431 0 -74559 -69960
S -73428 0 -67507 -78313
L -73428 0 -89524 -74397
S -73428 0 -91222 -94694
R -73213 0 -99541 -81334
S -73213 0 -69715 -92623
R -73213 0 -85556 -90127
L -73208 0 -96429 -90708
L -73208 0 -94384 -94772
L -73208 0 -97327 -79291
R -73120 0 -80233 -80123
L -73120 0 -67524 -76542
L -73120 0 -92771 -92551
S -73040 0 -84598 -68004
L -73040 0 -93942 -80892
L -73040 0 -93511 -74336
R -73013 0 -78332 -71938
S -73013 0 -96946 -84074
R -73013 0 -74168 -81403
L -73006 0 -90623 -96159
L -73006 0 -77191 -95235
S -73006 0 -82505 -74586
L -72975 0 -84297 -79274
L -72975 0 -92496 -92688
L -72975 0 -82572 -89971
R -72924 0 -78334 -76205
R -72924 0 -95101 -83722
R -72924 0 -77498 -78000
R -72793 0 -73614 -87368
S -72793 0 -84847 -67591
R -72793 0 -99814 -98023
L -72683 0 -86874 -70059
S -72683 0 -95628 -79876
S -72683 0 -99991 -96250
L -72653 0 -94033 -81497
S -72653 0 -76649 -76247
R -72653 0 -74113 -87606
L -72647 0 -83787 -89986
L -72647 0 -84297 -87619
L -72647 0 -93114 -91191
L -72531 0 -83430 -73206
L -72531 0 -82623 -73864
S -72531 0 -92562 -86741
L -72513 0 -83774 -74107
S -72513 0 -87085 -98411
S -72513 0 -87296 -71778
L -72498 0 -91053 -96011
R -72498 0 -97409 -69500
S -72498 0 -99910 -99655
L -72496 0 -83577 -85839
S -72496 0 -96856 -92206
R -72496 0 -86828 -78019
R -72459 0 -83996 -69192
S -72459 0 -98673 -88062
L -72459 0 -98573 -67921
S -72342 0 -67971 -70657
S -72342 0 -69910 -84662
L -72342 0 -79753 -89862
R -72311 0 -77184 -67283
L -72311 0 -78310 -80791
S -72311 0 -77209 -88810
L -72300 0 -96065 -92781
S -72300 0 -88355 -70113
S -72300 0 -98387 -79117
L -72282 0 -96386 -74691
S -72282 0 -78194 -84259
S -72282 0 -78500 -84979
S -72277 0 -67552 -90268
L -72277 0 -99503 -86576
S -72277 0 -77523 -78470
R -72242 0 -89964 -90701
S -72242 0 -92227 -92327
R -72242 0 -79477 -69291
L -72234 0 -95606 -71134
L -72234 0 -68896 -88445
S -72234 0 -93004 -92476
R -72227 0 -85289 -90298
R -72227 0 -73290 -72160
R -72227 0 -95009 -67809
S -72196 0 -70247 -83861
L -72196 0 -89241 -82543
S -72196 0 -72344 -85037
L -72186 0 -82958 -83488
R -72186 0 -70685 -80283
L -72186 0 -79506 -91111
L -72183 0 -92553 -98514
S -72183 0 -69439 -82094
S -72183 0 -84370 -97632
R -72177 0 -83034 -73421
L -72177 0 -81308 -90568
S -72177 0 -70217 -68939
S -72128 0 -68614 -82082
L -72128 0 -86070 -72150
S -72128 0 -70194 -77427
S -72064 0 -96895 -90498
L -72064 0 -98902 -79949
R -72064 0 -81635 -72772
R -72063 0 -78085 -76581
L -72063 0 -71277 -98093
R -72063 0 -89723 -92151
R -72052 0 -80158 -69989
L -72052 0 -75690 -82075
L -72052 0 -96093 -85997
S -72020 0 -68360 -72036
L -72020 0 -83230 -80915
S -72020 0 -77077 -84860
S -71993 0 -99028 -78004
L -71993 0 -84142 -99329
S -71993 0 -86039 -72244
L -71990 0 -96019 -72671
S -71990 0 -95251 -93501
L -71990 0 -80825 -74859
S -71846 0 -75703 -96314
S -71846 0 -98255 -74948
R -71846 0 -85401 -93073
L -71845 0 -92562 -82920
L -71845 0 -91050 -79010
R -71845 0 -80720 -88983
R -71795 0 -80542 -67458
S -71795 0 -75324 -77803
S -71795 0 -81688 -78711
R -71775 0 -81143 -83891
L -71775 0 -90264 -73265
S -71775 0 -94682 -74130
L -71730 0 -90660 -98765
R -71730 0 -85252 -82395
R -71730 0 -73912 -84362
S -71671 0 -83494 -87337
L -71671 0 -72557 -76104
L -71671 0 -93712 -91072
R -71611 0 -84331 -84933
R -71611 0 -87033 -86438
S -71611 0 -67983 -78741
S -71538 0 -86673 -75648
L -71538 0 -79835 -76517
R -71538 0 -78024 -90157
S -71481 0 -79009 -89582
L -71481 0 -82523 -79651
R -71481 0 -92525 -97338
S -71466 0 -95267 -78732
L -71466 0 -71606 -97433
S -71466 0 -94236 -93215
L -71446 0 -97603 -90081
R -71446 0 -83254 -81854
L -71446 0 -72286 -69223
R -71304 0 -81630 -98003
S -71304 0 -75194 -76864
S -71304 0 -88138 -82282
S -71288 0 -96804 -98359
S -71288 0 -96135 -91661
S -71288 0 -68076 -84365
L -71214 0 -89155 -95587
L -71214 0 -74768 -73843
L -71214 0 -93786 -91782
R -71145 0 -71468 -81223
R -71145 0 -88097 -98343
L -71145 0 -97828 -82575
R -71133 0 -71797 -86627
L -71133 0 -82575 -91577
R -71133 0 -96385 -99682
S -71071 0 -73953 -70287
S -71071 0 -69970 -96436
L -71071 0 -80479 -91516
R -71066 0 -85276 -94058
L -71066 0 -98498 -71808
R -71066 0 -69704 -83190
L -71055 0 -67495 -81651
L -71055 0 -95812 -91843
L -71055 0 -67517 -93180
S -71032 0 -85514 -69267
L -71032 0 -73645 -73679
L -71032 0 -82540 -96667
L -70993 0 -73415 -71592
R -70993 0 -88613 -71775
S -70993 0 -91505 -89227
S -70835 0 -80799 -95053
L -70835 0 -75599 -76984
L -70835 0 -90244 -81947
S -70763 0 -72497 -72687
R -70763 0 -75014 -91104
S -70763 0 -91328 -99943
S -70737 0 -89838 -89588
L -70737 0 -82919 -78479
L -70737 0 -92261 -87943
R -70673 0 -87553 -81282
S -70673 0 -84612 -87042
S -70673 0 -95431 -77386
R -70605 0 -95132 -81441
L -70605 0 -98039 -84956
R -70605 0 -75077 -85452
S -70602 0 -71363 -70094
L -70602 0 -99880 -99000
R -70602 0 -74239 -90073
S -70554 0 -99212 -77760
R -70554 0 -71689 -81937
S -70554 0 -93858 -86787
L -70482 0 -92534 -90085
L -70482 0 -98703 -79549
R -70482 0 -68993 -71640
S -70385 0 -79932 -71398
R -70385 0 -98612 -73212
R -70385 0 -76000 -83852
L -70367 0 -83026 -81714
L -70367 0 -84041 -71663
R -70367 0 -73738 -80675
L -70318 0 -83438 -93792
S -70318 0 -82781 -73467
S -70318 0 -93108 -88281
S -70276 0 -98634 -80619
L -70276 0 -77186 -69212
S -70276 0 -81086 -69212
R -70147 0 -87174 -72971
L -70147 0 -85565 -83698
R -70147 0 -94788 -82187
S -70093 0 -94032 -77383
S -70093 0 -67427 -73752
L -70093 0 -96172 -74339
R -70060 0 -68150 -91623
R -70060 0 -96295 -95485
S -70060 0 -80139 -97599
R -70052 0 -98138 -85364
L -70052 0 -91190 -90581
L -70052 0 -70677 -92554
S -70032 0 -72667 -83690
R -70032 0 -78215 -88293
R -70032 0 -93566 -69285
S -70022 0 -86312 -69446
L -70022 0 -73035 -85553
R -70022 0 -85613 -92550
S -70018 0 -67365 -88725
R -70018 0 -77865 -98644
L -70018 0 -70512 -72278
L -69980 0 -74692 -93103
S -69980 0 -93086 -71629
S -69980 0 -79389 -81444
L -69922 0 -88698 -69704
S -69922 0 -71231 -95943
L -69922 0 -99382 -97250
R -69913 0 -93638 -74483
R -69913 0 -90677 -84514
R -69913 0 -72462 -90304
L -69804 0 -77464 -85845
L -69804 0 -88352 -71495
L -69804 0 -76682 -73387
R -69729 0 -74076 -98712
L -69729 0 -94795 -85267
R -69729 0 -86758 -92278
S -69621 0 -79357 -88278
L -69621 0 -93137 -75480
S -69621 0 -75312 -78325
R -69538 0 -90125 -87327
L -69538 0 -89390 -73538
R -69538 0 -88592 -79638
S -69404 0 -99846 -97343
R -69404 0 -94533 -84141
R -69404 0 -75354 -68537
S -69391 0 -74296 -99700
R -69391 0 -79848 -88867
R -69391 0 -70782 -83673
S -69363 0 -97753 -94899
R -69363 0 -96869 -87329
L -69363 0 -82380 -85566
R -69307 0 -71263 -67366
L -69307 0 -91296 -88786
S -69307 0 -78381 -68821
R -69300 0 -93956 -95511
L -69300 0 -70606 -82021
R -69300 0 -69054 -74853
L -69234 0 -80933 -72279
S -69234 0 -75198 -69285
S -69234 0 -97133 -74801
R -69186 0 -93154 -90344
S -69186 0 -75612 -99833
S -69186 0 -76934 -75976
L -69061 0 -98072 -68210
L -69061 0 -77521 -88704
S -69061 0 -67805 -79384
S -68914 0 -90049 -98252
R -68914 0 -95595 -85212
R -68914 0 -78066 -84865
L -68910 0 -87344 -90783
R -68910 0 -87857 -69100
R -68910 0 -76600 -86639
S -68907 0 -87236 -83434
R -68907 0 -76247 -80003
L -68907 0 -97142 -84682
L -68858 0 -75027 -84726
S -68858 0 -86628 -84709
S -68858 0 -67283 -77126
R -68714 0 -68489 -72442
S -68714 0 -86217 -72331
S -68714 0 -95498 -70218
R -68702 0 -96286 -98934
S -68702 0 -70210 -94071
R -68702 0 -75490 -95503
L -68689 0 -84107 -98843
R -68689 0 -77617 -96557
R -68689 0 -84945 -70954
S -68653 0 -80932 -76213
S -68653 0 -79575 -87560
L -68653 0 -68734 -79249
L -68649 0 -97094 -78952
R -68649 0 -82705 -73334
L -68649 0 -71034 -95978
S -68601 0 -71924 -86612
L -68601 0 -77835 -98419
L -68601 0 -97638 -97179
L -68505 0 -74524 -98890
R -68505 0 -94080 -74803
L -68505 0 -97126 -71414
S -68504 0 -73117 -67385
R -68504 0 -95491 -98777
S -68504 0 -71304 -77177
R -68482 0 -71163 -69515
R -68482 0 -71786 -77998
R -68482 0 -87182 -86775
S -68439 0 -84336 -82299
S -68439 0 -95558 -80694
S -68439 0 -91711 -85031
S -68232 0 -68794 -81454
S -68232 0 -78360 -88091
L -68232 0 -86307 -70633
L -68174 0 -79049 -97819
L -68174 0 -75679 -81590
L -68174 0 -70234 -69959
S -68146 0 -72007 -89089
S -68146 0 -67699 -87759
R -68146 0 -72690 -96753
L -68108 0 -89486 -92281
S -68108 0 -88774 -93638
R -68108 0 -85473 -73171
S -68103 0 -92803 -91887
R -68103 0 -82440 -71735
S -68103 0 -71054 -80620
R -67899 0 -88948 -85377
S -67899 0 -76734 -75241
R -67899 0 -74390 -77202
S -67894 0 -98792 -97302
S -67894 0 -90826 -81539
R -67894 0 -68907 -67528
L -67872 0 -98308 -84905
L -67872 0 -83452 -69712
L -67872 0 -86589 -99148
S -67855 0 -81648 -83357
R -67855 0 -86682 -73509
S -67855 0 -72524 -68755
S -67806 0 -75361 -95132
L -67806 0 -86348 -92200
S -67806 0 -86939 -98749
R -67740 0 -91189 -97091
S -67740 0 -76680 -92158
L -67740 0 -98844 -89940
S -67715 0 -79558 -85426
S -67715 0 -78195 -84914
L -67715 0 -77632 -75083
S -67576 0 -96856 -84407
L -67576 0 -86999 -90450
L -67576 0 -79773 -94620
S -67568 0 -74194 -96294
L -67568 0 -97173 -93204
S -67568 0 -81925 -86647
S -67550 0 -79011 -79018
S -67550 0 -75715 -98432
R -67550 0 -97666 -88283
L -67478 0 -87939 -86534
S -67478 0 -83285 -77809
L -67478 0 -72532 -77076
L -67415 0 -80749 -83877
R -67415 0 -79617 -81779
S -67415 0 -76509 -98675
R -67377 0 -97795 -91882
S -67377 0 -78270 -72891
L -67377 0 -75050 -93242
R -67335 0 -98369 -76187
S -67335 0 -88586 -93398
L -67335 0 -68473 -73870
R -67233 0 -93222 -69477
S -67233 0 -90084 -72387
R -67233 0 -70622 -89848
S -999 0 749 132
R -999 0 445 -747
L -999 0 -411 644
C 899 -710 19021
C -451 -154 29727
C 460 -658 25596
C 508 -711 29708
C -810 -507 4397
C -318 -215 12246
C 118 412 26373
C -983 -784 31838
C 561 -237 25946
C -878 469 9378
C -448 -481 1282
C -614 -511 22682
C 346 -29 10472
C 941 -905 7175
C 54 -617 11346
C 268 -493 11772
C -534 30 29409
C -111 798 27897
C -148 -337 12079
C -89 167 17653
C 25 -848 6939
C -173 350 2989
C 367 145 10530
C -309 -56 9488
C 654 -601 22614
C -175 295 11425
C -627 969 23754
C -388 869 547
C 790 -370 19609
C 951 406 18158
C -142 173 1485
C 315 542 26298
C 419 -261 7117
C 336 -483 460
C 981 508 23325
C -857 238 18368
C 967 39 26778
C -241 -897 22885
C -861 551 15728
C -925 -7 28014
C -31 -146 21376
C 734 -353 1758
C -309 541 19961
C -215 -954 23929
C 295 647 22585
C 870 -999 30627
C 906 -790 26987
C 558 -402 12918
C -27 629 9551
C 575 433 24562
C 824 770 17199
C -281 565 3216
C -186 -241 18936
C 873 -325 13482
C -14 201 7395
C -484 -391 1901
C -31 667 22073
C -453 -692 6228
C -198 150 22038
C 955 -198 24925
C 326 -495 18746
C 235 -49 1906
C -196 969 20546
C -433 -487 16324
C 936 -673 27110
C 463 586 20487
C 658 -198 25354
C 258 820 15561
C -755 440 26054
C 611 243 8294
C -453 739 23732
C 992 -528 10815
C 901 -990 21023
C -804 -451 14654
C -745 240 19177
C 573 632 13779
C -440 288 27465
C -453 55 3814
C -105 757 1963
C -230 662 23159
C -765 700 11858
C 933 759 26085
C 131 16 18070
C -925 -48 19213
C -508 264 10450
C -318 819 14020
C 380 -368 7770
C -741 -331 16983
C -924 -634 6928
C -317 -895 25879
C 228 69 19064
C 315 -888 25630
C 260 645 18518
C -823 976 5577
C -534 233 8507
C 968 92 7073
C 892 766 4497
C 738 -922 12455
C -998 -370 31226
C 932 865 9024
C 401 -416 13868
C -889 -228 22831
C -827 -6 32652
C -184 63 8552
C -603 -952 22317
C 516 -457 27290
C 653 -304 11018
C -704 -432 1729
C 947 -364 6287
C 263 -391 17191
C -651 -304 25291
C 166 -733 6549
C -69 -870 31970
C 443 295 27305
C 278 -575 31132
C -670 -754 23171
C -821 -925 22305
C 534 -580 24659
C -587 572 2623
C 50 196 11877
C -897 -435 28371
C -79 -65 7106
C 131 -196 27431
C -107 56 31102
C -470 929 12901
C 392 288 3403
C 357 -859 13937
C -450 129 6120
C 438 -879 5061
C -990 313 10629
C 278 98 8740
C 23 847 24380
C -7 -139 27458
C -286 -525 19482
C 218 -430 9389
C -941 -36 5505
C -631 -937 31906
C 670 294 32201
C -331 917 8596
C -728 119 2394
C 754 -291 31364
C -577 694 27071
C -805 -990 6787
C 11 541 14187
C -156 -841 9208
C -214 -70 3607
C 217 716 8313
C -386 -759 10507
C -285 569 22620
C 829 639 29614
C -684 -298 330
C -825 -482 30768
C 282 -310 15737
C -706 413 31020
C -559 -476 27994
C -334 835 9366
C -673 -259 21470
C -688 -552 32079
C 821 948 4506
C 505 -274 9777
C 526 -193 5499
C -906 -790 29818
C 430 -228 25026
C 465 645 26837
C -321 -527 31360
C -4 351 13693
C 177 -892 3792
C -680 -831 7459
C 905 808 119
C -93 -398 2469
C 838 70 26048
C 670 -349 2742
C 603 -45 4000
C 557 -906 19462
C 657 -75 4748
C -271 -900 20366
C -296 684 23180
C -87 616 9223
C 883 -997 870
C -403 904 14524
C -268 161 5116
C 320 83 10031
C 385 -218 26676
C -845 -245 8270
C 253 52 5883
C 496 756 28206
C 532 165 2635
C -776 287 31869
C 171 -335 23865
C 793 927 26927
C 496 -545 30832
C 720 13 3093
C 587 896 24490
C -458 754 32603
C -919 -155 17163
C 203 -454 19491
C -167 748 15711
C 653 -151 17840
C -621 -744 17581
C -31 389 8933
C -803 386 17572
C 442 -670 22788
C -87 252 12996
C 202 -290 27630
C -392 396 14938
C 776 274 10068
C 865 815 29340
C -864 -648 20888
C -658 -817 31637
C 512 904 13393
C 429 324 28313
C -664 -157 8110
C 422 468 21880
C -122 -959 9516
C 517 884 26547
C -99 -716 31578
C 64 84 12112
C -734 -293 8096
C 996 519 32561
C 399 662 11339
C -697 326 25328
C -260 718 18497
C 161 238 29865
C 12 -555 25387
C -73 45 24395
C -822 -472 27651
C -625 740 21559
C 29 -520 10559
C -607 -644 29015
C -498 633 8461
C -713 -794 4348
C 996 431 25951
C 381 557 20256
C 459 -593 27327
C 325 255 18394
C 355 -290 8729
C -97 722 16682
C -152 -318 11520
C -63 -471 9837
C -720 -502 288
C -466 491 1548
C 8 642 31437
C -82 -48 12876
C -409 -462 2042
C -303 377 19529
C -968 784 3070
C 440 -376 27776
C 255 -497 12777
C 171 -432 24177
C 537 -85 26202
C -358 -159 3396
C -895 79 29465
C -247 -685 23928
C -752 957 1502
C 654 -279 21503
C 357 -802 6411
C 489 -436 9558
C -437 949 4169
C 137 -493 10110
C 47 -218 13377
C 781 -597 14303
C 710 582 24554
C 662 229 630
C -374 -711 30506
C 465 129 18916
C -49 896 29102
C 258 -201 26680
C 467 13 13903
C 186 -339 20105
C -874 445 612
C -567 -470 23990
C -632 456 30142
C -608 -139 7400
C 328 816 26450
C -65 551 8885
C 737 -355 12215
C -739 -488 3047
C 892 569 28157
C -287 -375 10067
C -481 837 16533
C 902 178 8278
C -481 -676 20276
C 493 -915 31164
C -668 65 9214
C -422 193 10572
C 461 531 350
C -352 872 10280
C 195 240 28493
C 857 584 26306
C 224 801 30212
C -593 424 21272
C 601 892 13631
C 983 -735 5744
C -899 25 3745
C -904 911 27601
C 938 -182 16093
C -366 103 743
C 109 158 21672
C 810 300 23320
C 416 850 17833
C 640 675 28911
C -152 -788 16598
C -94 524 3118
C 769 476 6923
C 508 599 1826
C 136 471 7609
C -488 945 6158
C -304 -772 26877
C -158 233 3017
C 924 564 20865
C -39 -336 3301
C 390 735 30709
C -6 402 5366
C 923 -523 6917
C 23 -175 3537
C 81 -442 9746
C 626 -441 1762
C -53 -455 3608
C -354 -798 18142
C -643 -205 31626
C -976 -346 31880
C 194 163 23309
C 440 -836 28989
C 418 -270 2131
C -762 -716 30337
C -148 41 11656
C -220 842 25542
C -754 826 30480
C -58 -938 27682
C 93 -848 11910
C 595 -202 27568
C -909 -443 317
C 473 -34 6867
C 377 775 30127
C -189 -939 27023
C -685 60 12446
C -726 -568 12210
C 833 -510 30170
C 592 421 28302
C -70 -9 6628
C -807 -363 10087
C 480 456 12513
C -56 -10 21996
C 492 -333 31905
C -643 918 73
C 662 -17 16039
C -83 -362 5820
C 432 -635 29806
C -534 -19 6834
C -141 -986 29542
C -479 -464 18904
C -627 879 10073
C -76 -624 25503
C 8 947 12604
C 173 -905 8230
C 3 784 7572
C 578 78 9611
C 954 -145 12536
C -493 -1 17678
C -212 -319 11867
C 854 -826 7052
C 872 -97 20001
C 373 332 26938
C -236 718 11814
C -84 -299 8878
C 654 -91 8775
C -331 -994 29072
C 230 -798 18959
C -669 672 9615
C -678 -650 31629
C -129 -804 1644
C -552 742 15493
C 856 323 7739
C 30 -691 31350
C 485 928 32546
C 681 667 18226
C 777 456 19017
C 918 -415 25328
C -919 723 26035
C 9 6 7721
C 760 763 27957
C -531 243 27806
C 672 -758 3790
C -535 -468 12371
C 62 541 15616
C 938 -566 7785
C 293 -719 521
C 868 -514 31002
C 755 -538 21765
C 591 210 328
C 364 -939 11871
C 734 775 18263
C 475 32 19230
C -923 339 13903
C 425 -201 9965
C -821 -284 9593
C 995 -911 17143
C 49 -626 15349
C 64 -1 25577
C -798 -780 20215
C 653 520 7089
C 475 -402 28330
C 30 -353 17378
C -894 769 24311
C -135 859 5050
C -832 -755 4249
C 472 121 18750
C 437 -51 9279
C -92 400 32491
C -619 -444 25785
C 867 978 20463
C -716 -431 18011
C -875 714 27363
C -65 -89 10521
C 404 -232 14199
C -982 50 10255
C 886 757 19874
C 992 -32 31852
C 937 945 15647
C 141 -91 13054
C 849 -939 6760
C -236 -469 31442
C -424 -138 627
C -358 756 30875
C 316 811 22735
C -84 611 7656
C 711 863 31745
C -305 -351 21584
C 757 537 6695
C -487 -389 11283
C -53 528 17489
C 78 -308 31469
C 625 -473 26897
C 204 144 17161
C 661 -157 3879
C -464 928 9043
C -190 854 3935
C 606 525 18847
C 394 520 14583
C -297 595 13408
C 120 -748 20010
C 171 -465 21721
C 610 761 11945
C 200 -914 9244
C -726 -623 25651
C 3 987 19503
C 548 -430 10637
C 344 521 29733
C -747 -479 32382
C 915 492 22812
C 689 -528 31649
C -506 763 30551
C 196 -607 28460
C 128 -542 28140
C -338 472 26625
C 72 65 19648
C -704 -193 18073
C -971 -921 28614
C -826 -724 17326
C 218 -516 15298
C -262 725 10934
C -417 -956 20471
C 335 553 23170
C 403 449 23945
C 40 -634 2215
C -378 196 8321
C -661 787 21619
C -86 -212 16303
C -227 -885 31903
C -130 168 28643
C 339 -380 5895
C -184 -828 27693
C -884 -130 3067
C -18 -5 30762
C 95 -942 24343
C -145 997 645
C -898 -200 3486
C -928 -650 27959
C -694 719 3783
C -549 825 20013
C -111 680 23691
C 954 -217 30290
C -652 -521 27589
C -858 -599 1598
C -844 325 12488
C 923 78 7919
C 743 -955 18881
C -558 164 8796
C 209 -795 14961
C 793 -903 19135
C 670 790 23852
C -574 -402 28904
C -965 -931 23323
C 986 544 30970
C -925 -815 12851
C -887 346 23140
C -904 827 6506
C -655 -669 25323
C -375 -362 1022
C -505 -213 32293
C 624 722 10997
C 682 99 16828
C 458 694 28709
C 576 504 5183
C -457 230 12377
C -56 239 18306
C -446 -685 17010
C 47 -386 16557
C -632 -1000 32667
C 127 865 6027
C -293 -471 21725
C -262 795 17344
C 931 -30 6339
C 93 681 18918
C 698 204 16324
C -921 120 13257
C -887 150 8373
C 510 231 17971
C -229 275 22122
C -370 6 11273
C 790 772 32337
C -609 -850 429
C 809 548 11187
C 80 237 7384
C 766 186 30158
C -734 -568 27764
C -848 -223 6941
C 376 801 10516
C -133 -176 24147
C 723 -43 6687
C -777 19 4608
C -688 -762 15565
C 261 -812 19927
C 345 -231 29057
C -728 630 5385
C 711 -793 18733
C 691 658 22330
C 689 405 28602
C -798 -860 15859
C 961 -111 20909
C -446 263 13987
C -730 -924 19073
C -383 -74 11656
C 606 357 13941
C -844 -520 2075
C -411 392 32176
C 973 -649 11735
C 911 -450 26642
C -293 670 25706
C -864 439 4112
C -703 170 182
C 214 -896 28767
C 342 932 49
C -560 -207 7014
C 412 -609 5755
C -516 594 31917
C -228 -733 10568
C -913 -221 25533
C -690 -239 10486
C 520 -51 21812
C 599 621 15962
C 614 -687 2549
C -645 -285 30385
C 477 166 28093
C -397 -632 31933
C 516 304 9611
C 596 556 6763
C -891 -311 31632
C -281 908 16534
C 351 226 20906
C -297 -161 15057
C 556 950 15515
C 931 -384 4909
C 496 -954 31090
C 500 -385 3710
C -688 -303 23524
C -485 417 9101
C -103 191 28552
C -686 -446 28725
C 486 37 7985
C -861 420 1376
C -599 435 7390
C -63 52 32604
C 928 -776 18932
C -581 -306 21000
C -941 -824 21187
C 754 319 2236
C 253 -267 24956
C -243 -832 2049
C 234 -662 3116
C 196 -887 13175
C 32 -746 15961
C -586 136 17525
C 609 704 10820
C -304 670 11849
C -122 161 5903
C 594 -986 13088
C 738 -720 30770
C -153 -785 22787
C 353 -154 28671
C 731 11 20582
C 572 272 554
C 171 411 9795
C 106 566 7313
C -205 280 22962
C 914 -784 2998
C 347 75 12664
C 342 485 15782
C -401 -891 2065
C 209 948 12613
C -76 371 17685
C -730 -509 26940
C -137 208 28942
C -975 406 244
C 676 -216 19732
C 437 696 26466
C -628 184 10703
C -128 -485 5787
C -447 28 29102
C 317 -641 12383
C -390 -982 2160
C 378 309 1819
C 986 -111 22104
C 330 900 6173
C 606 107 8095
C -964 -198 9958
C -868 60 14592
C 18 -703 21211
C -566 918 20600
C 907 -973 30670
C 808 360 28041
C -43 -634 16146
C -601 -808 3746
C 192 -825 18962
C -301 479 29059
C -111 -89 8359
C -70 521 12970
C -778 -919 23717
C -177 -364 5166
C -424 -277 14674
C 106 237 30366
C -474 368 2240
C 376 756 28337
C -266 -926 27213
C -176 43 30957
C -383 518 17579
C -206 -227 10390
C -900 -202 19265
C 801 -579 24958
C 239 -605 2504
C 513 910 17545
C -622 -650 25197
C -455 -552 1294
C 776 875 27104
C -7 -848 29010
C 60 -369 27159
C -423 157 8910
C 496 341 24497
C 232 -315 6927
C 875 -19 20279
C 883 609 6204
C 807 782 9911
C -208 -176 14517
C -409 193 21857
C -589 490 10049
C 321 -66 9785
C 602 -332 4552
C 570 -733 3059
C 448 -662 10892
C 3 282 15255
C 120 -64 30809
C 592 -103 128
C -557 -864 21549
C 511 218 28626
C -999 -341 13120
C 429 745 23164
C 295 204 21109
C -400 -613 25691
C -62 -724 5275
C 671 908 19495
C -894 770 30476
C 25 -536 800
C -981 748 30854
C 453 692 1214
C 36 -174 15442
C -662 -796 15828
C 825 815 10267
C -273 -784 4064
C -562 567 17659
C -444 -340 26750
C 315 -960 23724
C 39 796 20029
C -811 -882 12773
C 575 -229 31556
C 247 -787 24383
C 624 -401 29573
C 487 -631 27196
C 809 -386 18296
C 869 -542 74
C -179 -608 13711
C 717 468 12753
C 961 -326 27619
C 796 -375 25519
C -108 -247 6345
C -878 726 10678
C 868 -597 5201
C -659 656 23802
C -780 943 1503
C 803 -293 5917
C 823 846 20572
C -179 -211 22489
C -636 -879 5294
C 167 721 3185
C -939 -31 3452
C -25 -208 2267
C -594 79 14443
C -655 -511 20661
C 330 378 79
C -543 567 25196
C -165 -323 14606
C 405 896 8477
C 752 693 2341
C 382 854 2576
C -353 -264 9732
C -376 -90 10474
C -534 -798 24526
C -316 983 18911
C 119 40 11797
C 827 -659 19338
C -225 111 4775
C -753 -671 14913
C 626 -152 2195
C -407 -386 7408
C 153 866 9442
C -58 -571 8170
C -323 -638 23492
C 831 -953 9264
C -963 122 22549
C 620 -979 14871
C 211 446 19600
C -869 305 17501
C 716 -57 27910
C -245 423 32009
C 324 861 9069
C 969 881 26534
C 683 -777 26548
C -340 -320 29890
C -892 545 12939
C 458 44 18607
C -400 690 8872
C -70 173 19454
C -489 63 26939
C 102 -336 30253
C -339 905 15741
C -584 944 13172
C 843 664 16549
C 20 -208 27844
C -143 -805 12973
C 448 -632 9549
C -698 69 28074
C -265 111 25380
C -996 -312 8350
C 622 -616 16613
C -256 673 1045
C -740 -480 9314
C 290 378 4588
C 316 -612 15040
C -925 -484 30473
C 130 28 5267
C -573 -592 20728
C 47 -279 7375
C 658 973 8870
C 89 485 15279
C -167 173 4784
C 115 -700 21219
C 855 503 19197
C -98 -22 29347
C -268 -863 1184
C 643 -715 16241
C -255 -704 15414
C 454 -165 3767
C -350 -41 2617
C -117 -820 21640
C 349 447 30719
C -439 207 10018
C -942 -337 13664
C 82 -877 27918
C 387 -380 7223
C -303 468 20715
C 474 621 17977
C -286 -858 25154
C -445 492 28378
C 692 662 27906
C 854 673 15925
C 938 -576 6510
C -447 -987 15151
C -610 130 25758
C 900 -519 21081
C -793 856 1515
C -162 335 27696
C 755 -820 28632
C 717 660 18640
C 46 -885 23386
C 57 116 4154
C -956 -993 17032
C -154 -519 3507
C 413 618 27680
C 725 521 12789
C 767 -907 15199
C -985 456 2839
C 403 -666 28706
C 811 -282 12932
C 364 -57 28998
C -662 -626 4184
C -211 -21 12225
C 99 691 4336
C -314 982 15093
C 759 -368 21668
C -205 602 20248
C -418 -252 19154
C -233 682 3286
C 703 800 24778
C -973 -69 13684
C -505 374 16959
C -952 938 18715
C -344 227 27715
C -484 481 19732
C -565 -581 21752
C 679 -339 24093
C -600 -873 31105
C 734 191 5922
C -282 659 4306
C 314 -864 20215
C 324 -657 15734
C 720 28 20464
C -17 -357 12643
C 851 600 611
C 314 -670 7783
C 690 -110 8054
C -907 106 21229
C -763 -807 29651
C -388 -477 22003
C -827 -675 4619
C 347 -470 1678
C -682 183 8915
C -593 -350 606
C 184 -31 21859
C -558 916 13224
C 789 332 23709
C -219 -925 13090
C 884 -948 30153
C 742 -96 29326
C -401 683 15357
C 744 -499 15543
C -6 365 6045
C 362 572 19569
C -436 932 31591
C 935 342 24481
C -340 675 26895
C 855 -149 3209
C -384 296 30038
C -907 253 3771
C -614 603 18460
C 626 -880 3718
C 591 -49 28391
C -370 985 24770
C 926 212 22729
C -211 -342 13881
C 160 726 2229
C -387 561 31012
C 122 -364 1951
C 817 242 31870
C -842 -402 29175
C 572 747 29706
C 96 608 13414
C -759 164 15724
C -837 -125 14807
C 186 -55 8611
C -29 -137 293
C -478 267 13247
C 126 186 23315
C 643 321 7346
C -803 304 344
C -207 48 19844
C -417 -82 24026
C 683 476 2138
C 288 -844 17779
C 628 964 17926
C -823 523 11232
C 493 609 295
C 193 -642 32407
C -947 909 12537
C -289 491 29378
C -365 -525 3424
C 482 610 13971
C -133 142 25317
C -758 -271 12449
C 294 -983 6284
C -801 811 22557
C -325 745 25300
C -126 356 18169
C 311 301 17986
C 412 760 849
C -321 -295 20798
C -980 749 12226
C 446 904 10293
C -931 -232 27242
C 621 -612 28724
C -461 -924 12489
C -110 635 9086
C 886 453 12991
C 874 -321 14539
C 58 -873 10575
C -631 833 4396
C -507 351 5631
C -328 -452 10699
C 673 107 21986
C -734 -844 26121
C 717 -438 16304
C -611 920 15256
C -75 -521 9851
C -831 -547 28077
C 548 -422 8933
C -652 600 9568
C -34 -865 729
C 266 928 25800
C -593 -259 17470
C 745 405 24454
C 100 -770 6428
C -63 632 32428
C 60 968 13349
C 849 -175 3917
C -79 -809 4773
C -976 591 8729
C 401 -362 13638
C -840 760 18375
C -51 205 19244
C 522 -703 26956
C -332 781 19279
C 462 682 19456
C -890 576 26146
C -145 -223 12617
C 731 -925 11752
C -268 -425 15974
C 815 -677 24136
C 720 -628 17511
C 517 -351 23541
C -606 413 27004
C 539 939 27536
C -716 -274 27677
C 616 150 19211
C 972 -865 3519
C 26 -847 23347
C 699 130 30219
C -788 -226 28463
C -394 -425 24791
C -829 -309 13842
C -349 125 30795
C 376 371 5845
C 420 -387 10753
C 867 799 20817
C 457 -611 24825
C -291 916 22295
C -633 760 10171
C 789 -791 9521
C 257 -545 7424
C -240 261 1077
C 132 229 10929
C 483 646 1582
C 824 -866 25126
C 220 551 29261
C -714 630 4583
C 796 209 7257
C -230 -589 26714
C 903 376 31322
C 486 941 5160
C 342 62 13559
C -577 -470 7740
C -540 814 32626
C 521 825 685
C 183 -859 19033
C 954 49 9453
C 458 31 28731
C -902 -207 28945
C -897 784 24062
C -604 -506 7961
C 818 851 174
C -999 351 28276
C 680 55 230
C -731 -366 8001
C 743 -578 6160
C 516 -274 15342
C 656 203 9784
C -283 -783 16716
C -903 -344 12077
C -940 519 11318
C -314 817 7191
C -830 -636 15184
C 226 398 6869
C -70 425 6291
