1253
L -137 266 -387 892
L 908 336 -286 -474
L 880 834 -254 -71
L -312 853 677 -883
L 909 391 -205 -813
L 666 -950 395 -618
L 992 633 608 159
L 929 268 -208 824
L -4 -164 -186 -409
L -431 -734 842 -103
L 809 -793 989 -826
L 531 644 579 -995
L 174 -71 194 939
L -648 635 -154 -968
L 723 599 625 -711
L 417 -471 230 -293
L -439 219 185 524
L -33 -522 136 -343
L 215 348 435 473
L -849 -151 -970 387
L 561 -915 -671 -243
L 759 -314 -52 -576
L 222 180 479 661
L 398 -276 517 -737
L 603 -539 -467 -390
L -51 -39 -220 652
L -237 769 -968 171
L 736 -439 -986 259
L -842 -712 -143 -272
L 645 -677 506 -21
L 238 -717 -947 310
L 844 714 -828 28
L 42 -641 837 137
L -865 -670 -731 -716
L -55 -925 47 -624
L 122 -925 -995 -619
L -146 295 -330 437
L 269 -697 126 -448
L 478 -555 -970 -492
L 777 -517 -829 72
L 892 -397 -566 370
L -427 -355 138 -961
L 410 -740 -448 -848
L -856 953 73 231
L 95 -564 701 18
L 383 915 -593 607
L -958 -476 375 -13
L -293 -21 919 -582
L 701 284 -631 -719
L 315 915 -355 234
L -631 692 -143 -919
L -898 -241 122 -187
L 770 255 -341 606
L -740 -699 495 662
L -484 848 271 498
L -899 526 -217 -800
L -985 -782 -480 146
L 459 -771 598 -366
L -353 845 435 272
L -835 -456 -807 -716
L -652 -654 548 535
L 573 -465 -95 -887
L -323 671 319 -326
L -506 180 -496 646
L 802 62 456 -27
L 927 -18 -71 929
L -88 372 637 -770
L -156 -918 -569 -667
L 805 237 -406 51
L 756 -613 340 -481
L 264 -415 -902 -619
L 244 -42 768 891
L 154 880 -871 23
L 958 41 -674 423
L -350 -551 385 -176
L 867 -124 710 -522
L -70 633 -483 452
L -756 -702 152 84
L -625 478 -92 250
L 723 872 390 879
L 45 -78 266 -365
L -575 977 774 306
L -619 -969 691 562
L 695 -292 863 -91
L -679 -966 866 -329
L -64 -974 -275 198
L -115 -269 997 216
L -209 -641 361 -950
L 234 668 409 825
L 672 -740 263 -165
L 311 -195 -969 -154
L -194 -456 880 221
L 224 795 -578 318
L 509 117 500 -634
L -6 -138 -490 104
L -943 -126 537 546
L 459 27 -535 413
L -440 -141 381 76
L 853 941 275 507
L -242 297 -839 957
L 401 221 -330 866
L -794 953 195 470
L 593 384 403 -642
L 130 409 276 -505
L 797 -17 56 -172
L -23 982 245 -147
L -610 -81 -966 3
L 362 -386 -555 -265
L -552 936 -891 879
L 450 17 -194 -529
L 863 -540 520 420
L -493 -468 290 -930
L -626 -239 -246 -386
L 540 -517 -589 776
L 410 -718 -368 873
L -616 -806 562 238
L 945 -398 -349 -602
L -612 -931 -802 -51
L -894 656 806 830
L 270 -289 -576 361
L 674 -845 -388 -385
L -774 80 -230 -697
L 352 646 706 471
L 517 979 -760 -153
L -568 819 -863 694
L 947 254 144 -702
L -541 61 -685 -225
L -913 51 -150 285
L -579 -798 982 147
L 758 -298 417 -447
L -293 340 942 360
L -362 -750 -494 590
L 182 378 -754 -25
L 248 -867 -908 -60
L 577 140 -748 -58
L 590 -453 231 545
L 780 683 335 564
L -569 203 -279 -633
L -116 217 986 352
L 290 -470 -57 224
L -860 -255 237 443
L -739 -445 -466 110
L 340 88 255 626
L 380 519 679 150
L 153 -391 860 739
L -247 -117 867 414
L 19 -602 450 326
L 856 -287 866 -934
L -656 188 54 411
L 360 -112 531 615
L 78 587 -471 -93
L 911 475 -331 -962
L -232 436 436 817
L -592 775 109 -405
L 327 638 205 -111
L 540 -297 813 188
L -908 -354 96 674
L -185 245 544 -842
L 291 -62 -789 261
L 233 914 -788 -436
L -607 -692 931 976
L 311 -178 161 -417
L -900 -243 -366 -21
L -162 -630 -407 -655
L 287 697 710 -236
L 548 377 -303 -529
L 152 131 -967 -948
L -607 -387 761 608
L 961 -474 257 745
L -583 75 898 329
L -171 -491 -283 840
L -373 563 -672 203
L 201 -134 588 -427
L 116 455 -40 -118
L 956 387 375 475
L 636 -861 -566 -791
L 806 281 -214 57
L 794 -908 -863 231
L -494 768 -398 -712
L -316 940 -269 -368
L -859 -604 569 -331
L 854 477 941 -998
L -220 244 -304 755
L -62 -337 664 419
L 786 -442 -570 -110
L -537 -991 354 227
L -838 386 208 502
L 973 999 -994 551
L -883 576 282 470
L 101 -914 -159 -304
L 128 267 -387 796
L -159 433 -784 924
L 192 -76 -391 -74
L -199 886 -384 -454
L -2 580 530 849
L 371 -353 -821 -716
L 604 279 235 -97
L 88 -877 -830 961
L -550 670 -106 -406
L 420 802 601 -24
L -636 -798 -966 868
L -496 767 188 123
L 386 717 965 -373
L -448 -893 209 -962
L 572 367 -133 272
L 713 -280 -668 217
L -610 -693 -735 -584
L -329 42 230 359
L -454 -616 -581 920
L 373 -891 -441 -503
L -107 193 -322 129
L -808 -748 686 239
L 305 -696 355 852
L 29 511 -59 -872
L -812 381 -626 88
L -324 614 178 971
L -973 50 101 -352
L -767 343 200 261
L -44 273 11 132
L 39 -997 962 773
L 372 243 842 -243
L -383 -195 599 -131
L 884 -272 -430 -372
L 755 563 -442 694
L 960 -526 913 -892
L 241 -652 -396 -824
L 702 248 -83 -233
L -112 -747 332 478
L -726 372 -205 345
L 387 171 -366 -882
L 183 -150 764 179
L 98 -899 -992 -87
L 831 -126 -622 947
L -672 382 -191 -616
L 642 -156 116 711
L 949 574 948 120
L -894 457 -663 502
L -128 899 -588 856
L -487 -384 -804 962
L 1 674 -767 11
L -586 -19 -709 681
L -630 -596 -71 611
L -864 841 -290 -390
L 325 838 -904 443
L -289 966 909 -123
L 900 -769 474 277
L -984 -55 760 -867
L 190 207 334 744
L 147 466 -34 683
L -720 29 -167 -498
L -440 545 -358 -918
L -405 -154 727 679
L 169 -877 511 -443
L 708 -858 -134 -623
L -988 863 491 146
L 873 880 252 122
L -536 54 -218 -163
L 874 171 990 107
L 898 -598 857 -413
L 780 -804 592 -403
L 375 -280 150 -135
L -30 651 -703 -354
L -922 944 766 -90
L -796 878 720 -529
L -991 748 369 -944
L -618 -60 150 139
L -644 276 -870 -771
L 12 -905 -934 -720
L -749 -699 -893 -657
L -400 912 -217 -884
L -773 -311 -527 -646
L 918 942 524 248
L 464 -941 -65 -932
L 912 994 -315 -438
L -670 92 167 704
L -81 467 177 614
L -627 755 521 125
L -915 712 401 -994
L -185 -711 -28 -333
L 182 204 -628 481
L -502 -651 -265 743
L 937 -940 -148 -634
L 457 -159 -765 97
L -888 -766 23 833
L 71 869 -640 574
L -795 220 -785 -736
L 721 208 676 277
L -640 -918 530 587
L 535 127 -859 167
L 870 856 -296 -502
L 223 357 753 47
L 664 -771 -363 971
L -4 -561 205 -310
L 799 707 -508 -173
L -662 -3 -288 908
L 745 -594 -513 -143
L -300 591 -45 -463
L 622 -347 -856 254
L 302 219 267 52
L 823 570 526 16
L -265 977 -485 712
L 550 782 -632 -138
L -205 -753 91 -960
L 148 971 214 -993
L -389 635 85 -853
L -673 49 424 629
L -403 -357 905 -138
L 759 -287 973 851
L -190 -722 879 345
L -785 179 428 -974
L -336 315 853 -153
L 891 -319 795 505
L 33 171 -783 573
L 639 -739 -370 104
L -172 309 439 348
L 260 935 -123 -927
L -207 787 986 -78
L -307 387 -903 980
L 687 844 13 -967
L -447 -697 -954 -647
L 612 971 -424 725
L -749 654 -905 122
L 865 -295 -520 -743
L -537 -782 -776 54
L 24 -113 -434 83
L 711 -954 -711 -577
L 52 186 -585 -250
L -45 -830 -753 -272
L 762 814 604 -439
L 126 576 -640 -658
L 402 -652 -834 948
L 155 158 539 472
L -887 595 95 764
L -850 607 208 -394
L 718 -378 229 -165
L 880 -272 -522 -925
L 92 971 870 -857
L -99 -692 493 -288
L -114 -579 -349 -133
L -336 -969 447 -850
L 796 127 139 63
L -129 334 -102 9
L -255 379 946 -383
L -446 -653 530 784
L -393 637 -603 -904
L -598 -980 -493 598
L 581 145 -872 -878
L -597 912 355 -858
L -238 -520 -786 613
L 851 319 963 932
L 968 -854 376 487
L -94 857 -867 716
L -300 -300 926 -447
L 76 -145 984 -585
L -857 832 337 239
L -968 774 625 -456
L 790 -342 439 -916
L -801 -398 527 -254
L 118 -235 -617 286
L 77 884 96 -894
L -974 498 -161 886
L -633 178 -936 -512
L 404 824 -969 394
L -537 -796 -293 -698
L 806 399 -883 445
L 970 948 908 -667
L 719 108 174 35
L 154 595 295 606
L 270 -232 -606 461
L 455 -850 581 762
L -784 323 64 934
L 432 -224 -715 -373
L -357 -523 -199 911
L 764 -52 -944 675
L -975 -497 20 -78
L 291 -43 384 210
L -460 -259 196 151
L -403 297 -488 77
L 229 834 176 551
L -856 94 303 -27
L 455 423 -73 -515
L 44 10 68 618
L -191 -168 575 337
L -760 672 643 -648
L -627 -807 -627 815
L 350 -416 -147 110
L -298 406 591 -396
L -983 699 575 15
L -304 825 550 -514
L 765 -528 702 -422
L 990 719 586 -334
L 251 -961 -278 -424
L 78 31 576 150
L 92 314 630 -277
L -849 282 -745 -119
L 722 -85 96 -999
L 463 715 793 46
L 438 -817 356 -172
L 8 253 -204 -306
L -386 201 -97 -4
L -523 -553 39 903
L -209 458 230 -845
L 350 397 -13 -123
L 997 260 202 752
L 544 -471 -907 -289
L 587 272 454 270
L 496 -276 54 -297
L 540 78 -520 665
L 431 -981 551 796
L -750 205 22 -941
L -780 898 54 -719
L 97 -46 -971 -66
L -622 -575 -402 115
L -440 -290 741 -625
L -228 574 828 978
L -448 560 285 -513
L -594 -753 197 -936
L 722 -440 829 -929
L -31 860 -615 919
L -848 612 127 349
L -713 598 771 -26
L 854 -832 86 673
L 714 -199 -149 775
L 935 366 696 132
L 993 190 -709 -32
L -917 786 -31 -450
L -603 -428 455 80
L 709 -539 369 826
L -743 -248 -842 274
L -43 -942 941 -187
L 854 -526 -989 35
L -82 9 -791 -389
L -832 -787 700 435
L 94 709 78 -64
L 454 292 -336 -641
L 632 367 828 -865
L 141 -171 -131 -877
L -184 767 -784 372
L 594 495 405 -844
L 841 683 -360 -534
L -707 -998 314 -420
L -715 221 435 933
L 635 -890 824 -691
L -725 -548 -978 -660
L 511 -901 253 -558
L -427 -190 419 -707
L 759 -217 533 -264
L 106 921 -847 -381
L -217 -482 -44 593
L -490 -928 -385 -217
L -111 858 388 100
L -823 -468 -680 -423
L 691 548 -868 26
L -752 -65 -504 749
L 106 -514 406 661
L 872 -602 -489 -988
L -870 -739 -731 -708
L 918 756 -921 -829
L 814 54 -407 917
L 172 154 948 -400
L -437 339 134 -932
L 933 925 -300 519
L -71 -768 986 650
L -311 955 -706 -939
L 261 -836 960 69
L 795 615 365 227
L 492 -235 -867 -758
L -226 -202 -962 -886
L 633 -453 -553 -562
L 375 -484 811 -871
L -653 -769 376 225
L -701 686 -672 674
L -840 538 -634 886
L -689 653 539 -279
L -384 -43 -619 -992
L -476 289 638 -861
L -695 150 489 -532
L -641 242 -824 93
L -87 275 -701 512
L 97 -455 852 28
L -53 975 40 -671
L 717 292 619 812
L 394 797 85 942
L 868 -504 -941 706
L 837 -208 89 -486
L -246 -579 383 936
L -163 914 557 510
L 579 749 -367 -743
L 117 -262 65 -552
L 995 190 -56 59
L 768 51 211 -290
L 741 17 -213 602
L -158 -852 -769 -745
L 635 -127 995 -672
L 706 -98 691 -269
L -153 754 -94 377
L -702 747 -683 704
L 997 713 -874 595
L 766 705 -954 -283
L -204 -833 617 -571
L 556 -321 -829 725
L -309 -79 -283 242
L 285 -444 -890 -219
L -906 -633 -88 125
L -568 -555 656 379
L -669 574 180 -577
L 935 849 -153 102
L 304 973 887 676
L 374 -737 -119 -827
L -106 418 -559 903
L 231 -759 842 -448
L 72 -525 -864 -255
L 733 153 118 830
L -199 542 -808 -108
L 512 127 -43 -316
L 396 589 -977 -458
L -994 -237 129 672
L 628 985 -487 749
L 496 -888 359 934
L 985 -658 653 -998
L -588 -483 -963 588
L -151 574 -429 -392
L -582 540 210 400
L -523 285 942 -417
L -830 -17 -794 956
L 971 727 -408 997
L -367 -473 425 989
L -355 -77 -130 -974
L 794 859 175 -715
L 137 -139 -663 -408
L 49 -581 159 516
L 853 -761 -395 264
L -210 -172 -403 783
L -385 -566 217 -926
L 298 -227 895 -775
L -718 32 -722 52
L 663 -867 933 -578
L 719 557 -633 487
L -949 -469 -407 -746
L 463 106 670 -746
L -117 -340 803 -821
L 823 -914 -851 466
L 246 -879 -189 -829
L -616 227 403 61
L -636 412 722 152
L 172 -657 831 302
L -792 -161 262 -500
L -497 -399 781 678
L -506 558 -391 585
L -222 -786 -887 -863
L 391 722 -956 -854
L 442 -181 48 -152
L -168 177 -91 906
L 341 909 -992 169
L 182 -372 -513 -446
L 441 103 -416 -62
L 708 -112 535 -34
L -543 -287 -331 -644
L -817 43 44 96
L 61 -637 287 10
L 25 283 -425 632
L 872 625 256 288
L 946 476 -791 404
L 284 -791 461 -350
L 187 924 -532 -474
L 994 359 -99 909
L 752 -346 764 -221
L -200 656 287 664
L 565 409 -647 -783
L 910 -808 -726 937
L 162 755 -213 -796
L -540 -485 -366 653
L -521 -871 904 -57
L -191 -617 264 666
L 971 136 -694 186
L -688 561 -113 -303
L -194 343 -929 -1
L 732 -634 310 280
L 863 38 -833 -433
L 642 -821 -106 453
L -584 -523 -727 -102
L -364 601 943 462
L 496 666 99 -317
L 361 987 -292 474
L -410 -875 210 -221
L 963 -372 -650 551
L -308 857 -327 -281
L -356 152 -713 -367
L 856 -807 -775 -759
L -589 972 -774 936
L -552 -299 162 -718
L 642 -410 -212 -292
L -724 -76 -18 -466
L -396 904 61 -921
L 171 -918 958 542
L -591 551 -748 737
L -285 307 -917 507
L -990 214 884 -447
L 614 447 482 483
L 774 454 834 -798
L -821 -65 -282 348
L -294 821 850 262
L 440 -830 -996 467
L 459 931 -936 -957
L -504 -264 267 -639
L 717 908 -578 760
L 72 801 627 88
L 550 -179 759 -229
L -633 243 818 470
L -845 913 842 -43
L 851 746 -503 8
L 160 -654 -436 847
L -631 -885 204 -519
L 101 805 314 550
L -281 309 454 -166
L 57 609 107 440
L -426 -829 -806 -843
L -914 -240 -991 317
L -427 665 -289 535
L -321 -826 -424 -485
L 64 819 375 227
L -895 864 -456 327
L -427 -452 638 -100
L 291 -808 453 649
L 291 285 -885 -510
L -962 490 -41 175
L 741 242 -673 463
L -219 -94 31 -605
L 661 806 4 -536
L 206 -588 225 833
L -79 976 847 389
L -515 716 -489 781
L -94 702 -888 609
L 373 -733 -669 -842
L -682 -597 287 803
L -618 -229 -110 191
L -389 -983 17 426
L -919 -125 889 827
L -97 584 461 856
L -967 -283 533 665
L 352 -995 -948 47
L -331 -301 -470 -2
L 847 655 -617 -161
L 55 -267 -553 79
L -3 426 -554 31
L -941 -665 118 968
L 230 70 -747 745
L -796 -636 -864 444
L -577 -313 -834 1000
L 839 -464 463 -574
L -264 -537 414 -60
L -868 362 -392 -28
L 646 -79 675 -445
L -131 -758 323 874
L 633 -851 625 -470
L 554 -973 527 -972
L -3 -133 658 144
L -860 -264 -361 -21
L 735 468 -40 -658
L 232 215 290 -943
L 644 -511 -580 754
L -380 -423 197 437
L 849 35 -336 -634
L -88 77 369 127
L 495 -198 213 697
L 712 912 -3 536
L 258 247 370 505
L -660 -248 -590 -709
L -369 917 -347 324
L 434 -599 254 452
L 277 -832 -811 -913
L 185 -292 912 -193
L 996 129 891 868
L -656 286 127 -578
L -646 -961 -310 703
L 914 -636 48 -679
L -875 -323 945 723
L -488 521 922 -383
L 849 -730 -817 -932
L -600 -815 781 241
L -614 234 -798 -733
L 179 -220 628 -417
L -941 -514 285 -809
L 807 -827 -274 -592
L 23 94 -460 -710
L -972 493 131 121
L -852 188 588 -726
L 394 844 503 -377
L 964 -762 -907 -66
L 978 107 -487 -270
L -930 663 -127 157
L 387 -471 662 -386
L -838 74 565 955
L -718 -325 -507 146
L 672 966 25 -446
L 79 807 317 824
L 353 -535 -269 -868
L 873 -100 892 -521
L -412 927 -148 468
L 972 -738 722 -867
L -888 305 881 -899
L -640 178 -407 -968
L -511 649 -453 -295
L -889 729 319 431
L 61 523 36 -254
L -82 648 -689 298
L -360 -996 -905 -624
L 404 -165 -291 -512
L 344 -64 -827 -695
L 193 -259 -795 -670
L 908 598 486 -225
L 460 506 821 -550
L 66 636 -581 180
L -747 -955 546 -286
L 87 646 -920 -137
L -590 -141 -72 -896
L -135 458 830 -612
L 633 993 -7 -664
L -645 322 -594 165
L -358 -560 376 485
L -942 -732 881 805
L 897 438 378 -318
L 533 -633 -553 -618
L 755 -352 -981 -612
L 202 -871 -291 870
L 896 161 436 559
L -281 64 792 994
L -997 761 -391 -75
L -495 -334 998 433
L -227 532 718 -894
L 613 -679 326 839
L -11 336 -197 -487
L -491 471 348 309
L -636 -479 -911 -781
L 665 -770 -797 711
L -796 -24 270 950
L 600 35 -248 560
L 166 -543 -75 343
L 663 -150 -640 606
L -291 970 222 305
L 165 294 -537 845
L 273 -641 70 -486
L 960 -161 -919 -648
L 933 -493 -811 257
L -263 -121 116 -778
L 439 -48 -816 -608
L 132 279 -831 156
L -483 -530 678 623
L 597 -216 715 -912
L -227 -906 527 638
L 50 -130 -957 -938
L -27 19 506 552
L 393 -486 -428 -425
L 797 192 536 994
L 71 -711 355 -632
L 271 -306 407 -722
L 935 432 -321 -102
L -21 -115 -910 -287
L -428 -589 303 230
L 933 192 -900 -25
L 153 31 957 -540
L 120 -316 -156 -694
L -679 -790 612 -197
L -8 398 -694 550
L -740 565 -784 -7
L -104 665 126 -905
L -782 801 -259 408
L -490 -637 975 690
L -617 945 91 561
L 431 214 -855 238
L 822 -530 -906 -690
L -626 -316 -569 38
L -789 -303 768 -502
L -181 398 788 -455
L 436 526 -655 -281
L -461 742 532 -954
L 960 -374 -369 -482
L -335 -186 814 708
L 709 -457 298 -199
L -98 -418 273 -788
L 428 -898 583 577
L -135 -874 -866 187
L -582 757 3 396
L -288 -401 438 -975
L -759 885 -790 -141
L 959 -958 -447 798
L 390 138 -504 432
L -905 554 376 192
L 606 -881 -664 312
L 122 515 -926 -562
L -793 480 -117 -993
L -766 -800 -543 430
L -72 -235 -488 495
L 256 236 930 -321
L -121 -426 -504 -850
L 320 -94 527 512
L 148 -921 -441 958
L 120 410 -378 -360
L -441 -818 -791 508
L -217 -380 958 -27
L -138 888 552 -352
L 582 648 130 71
L -144 -511 -297 980
L -372 -868 -123 -753
L -296 717 -306 118
L -196 -505 624 864
L 438 599 664 612
L -868 24 -130 -273
L 639 600 711 531
L 974 986 637 -714
L 256 691 -907 415
L -495 923 554 61
L 660 235 196 -27
L -965 -22 -457 -84
L -343 858 -179 938
L 218 257 -603 922
L -313 -74 -790 -355
L 581 199 -559 -456
L 424 537 744 -63
L 984 407 -324 -753
L -681 -543 234 234
L 295 -85 -225 108
L 726 -869 -58 -871
L -112 -349 -96 -189
L -905 -643 -765 742
L 123 327 103 -484
L -697 767 604 -845
L 130 -232 -633 -395
L -305 -397 277 83
L -392 224 -618 1000
L -521 477 415 11
L -130 -937 751 983
L -743 -943 971 947
L -28 73 -204 -552
L 339 954 136 440
L -21 -684 -409 891
L -619 -810 -310 705
L 627 -607 -257 -201
L 899 -772 -858 -230
L -451 762 959 703
L -257 514 -751 74
L 483 -484 -263 -293
L -603 -260 -349 222
L -998 415 -738 -572
L 307 144 -925 -215
L 849 168 -790 436
L 666 99 -427 -495
L -218 -78 -688 -957
L -100 -467 854 565
L 465 -686 -679 -670
L -901 -247 -589 755
L 419 256 -977 300
L -723 558 -476 -571
L -782 179 885 820
L -878 -590 967 -672
L 879 -109 -462 816
L 64 -619 -515 805
L -992 -943 215 -534
L -661 -734 879 -247
L -120 -837 429 244
L 709 -858 31 -672
L -969 434 782 375
L -162 666 -934 6
L -697 913 -797 -465
L 600 752 137 283
L -26 965 39 -82
L 428 247 -438 610
L -139 -586 100 -78
L -866 497 893 -777
L -985 -472 -995 578
L 582 44 895 666
L -505 991 -538 -217
L -162 698 -837 -56
L -309 -914 -834 142
L -247 -820 -522 -666
L -114 -190 964 -178
L -698 -14 247 -720
L -868 921 256 919
L -887 -46 808 -203
L -186 -595 32 120
L 644 -90 379 -252
L 951 -436 80 -659
L -853 -159 897 643
L -927 623 577 110
L -51 -435 -395 743
L 164 -745 -309 109
L 635 -390 -543 417
L 978 -114 -990 -311
L -327 201 19 -357
L -72 244 7 -439
L 375 148 277 743
L 32 -326 824 -769
L -868 -200 -644 -583
L 870 -43 -970 565
L -413 266 -987 421
L 592 -853 -587 55
L 941 -700 390 64
L 342 -636 -413 916
L -516 -824 202 -822
L 725 117 589 613
L 303 28 -808 -150
L 351 -995 624 997
L -479 -221 839 18
L 895 800 -564 30
L -568 -980 -881 -783
L 36 140 209 -756
L -115 -347 -121 915
L 643 40 -890 11
L 454 935 -726 984
L -513 -256 11 -219
L -683 173 -58 -68
L -284 55 644 508
L -564 853 846 273
L -507 602 -272 -673
L 21 -596 -409 -930
L 49 -624 -140 512
L -138 917 -644 -442
L -587 -634 -40 -162
L 130 806 177 -623
L -425 927 -69 -26
L -524 -44 -64 527
L 526 -900 -377 -187
L 984 -640 443 -46
L 190 -607 499 346
L 675 258 364 -586
L -931 133 590 982
L -689 -343 371 -254
L -567 235 662 210
L -773 875 -371 -22
L 143 -31 840 93
L -63 216 -649 -40
L -359 900 36 -574
L -148 -601 726 592
L -274 683 926 501
L 353 710 395 384
L 202 -175 631 -336
L 304 933 -248 -51
L 377 -165 -743 -516
L -88 101 743 743
L 256 -155 -788 990
L 70 -803 -37 -797
L -331 95 755 909
L -444 429 303 -879
L -812 617 195 278
L -936 -265 908 -733
L 267 323 263 195
L 505 -574 -625 -227
L -289 -565 333 73
L 832 -681 -983 484
L -966 -628 866 -284
L -811 -608 732 -214
L -674 470 -375 69
L 798 760 -4 168
L 472 519 -923 303
L -499 -659 -786 -690
L 487 -42 -963 -527
L -233 -250 243 670
L 581 107 449 -922
L -499 194 233 372
L -267 267 773 332
L 722 -225 -965 -749
L -176 -160 148 -873
L 357 202 225 21
L 201 195 -238 -799
L 628 -265 -226 785
L -143 -211 -896 216
L 240 308 -710 -224
L 767 416 -910 126
L 85 -966 -56 -250
L 706 -288 20 881
L 934 786 -628 -992
L 544 422 777 -708
L 671 714 -388 136
L 373 -741 -979 -126
L -978 -420 445 -388
L 295 997 -239 -177
L -237 -217 348 214
L -65 786 941 -73
L 898 328 83 -736
L -283 -152 931 -166
L -650 613 301 -252
L -612 991 574 -99
L 509 -488 436 -81
L -282 -701 252 -563
L 504 -596 812 188
L -95 -567 -179 -57
L -58 504 329 -217
L -371 -885 -459 -922
L 561 391 -557 634
L 577 -944 -270 -767
L 34 175 -330 609
L -744 964 214 881
L 892 254 -761 538
L 74 646 -504 701
L -320 900 875 -200
L 387 613 145 -667
L 468 942 669 -342
L -386 509 170 -573
L -385 -35 -647 713
L -70 414 -698 128
L -715 -28 817 -441
L 470 -294 -605 984
L 666 -317 -712 942
L -269 -211 -374 -147
L -984 -57 969 -77
L -702 -688 -650 -733
L -592 -475 202 -653
L 730 -386 885 -190
L -863 -281 553 -558
L -612 160 387 629
L 631 3 -883 506
L -561 -691 446 -346
L -385 275 -797 -873
L -740 -537 106 -967
L 25 -622 -831 -265
L -460 247 578 169
L 683 -393 -199 -94
L -23 393 -952 -607
L -671 -164 -439 -706
L -976 -770 697 -331
L -126 -210 684 -579
L -149 194 -958 -338
L -108 1 -34 -448
L -11 -872 -597 -378
L -855 58 231 -362
L 829 -451 638 736
L -549 617 29 384
L 558 121 347 -868
L 469 -250 -346 -400
L -987 660 592 942
L 639 -338 654 -289
L 668 434 932 -824
L -192 291 297 206
L -167 353 -976 -667
L 388 155 -806 4
L -260 22 61 -914
L 597 466 -325 533
L -289 -433 -870 -734
L -1 392 -247 -156
L 692 -324 225 920
L -354 132 -412 -872
L -710 -821 -901 -767
L 142 -667 -593 733
L -496 -766 -741 236
L -56 -227 -859 -709
L 50 -763 -911 888
L 630 110 318 -908
L 881 657 287 -570
L 934 -928 721 102
L 258 409 874 325
L -513 -502 -171 493
L 946 616 429 -63
L -470 609 646 277
L 327 -869 -86 910
L -524 69 -648 -16
L -662 695 -144 58
L 933 999 -473 142
L -753 907 334 14
L -973 -605 430 -614
L -861 -422 -42 -153
L 575 122 845 506
L -423 909 -26 317
L -800 460 784 -602
L 940 -948 405 231
L 560 239 872 139
L 909 -278 652 -898
L -234 378 496 786
L 967 -855 -337 -477
L 256 -321 922 -351
L -499 67 391 -102
L -684 684 -784 -896
L 577 738 -351 172
L -775 -970 89 395
L 835 -852 131 289
L 125 168 -883 -666
L -966 -699 -926 -928
L 88 -34 -662 -649
L -116 570 997 -110
L -495 899 932 658
L -899 836 -371 962
L -518 667 -758 340
L 27 -788 -44 48
L 603 -647 461 452
L -330 -525 691 998
L 823 -689 307 934
L 895 -634 -418 278
L 815 -541 251 -730
L 658 948 397 -63
L -283 -97 41 34
L -39 -116 -974 -914
L 289 -856 314 464
L 3 -734 669 -755
L -650 990 185 -916
L -51 956 223 576
L -449 -517 630 687
L 691 740 867 -996
L -981 -654 353 425
L 321 -628 375 812
L 517 -286 -756 243
L 756 820 53 66
L -582 794 -446 -326
L 588 -679 -192 -938
L -185 -766 -524 60
L 337 332 485 829
L -887 68 -249 -788
L -367 -245 79 -982
L 864 -295 -347 248
L 681 -169 -170 215
L 639 405 317 336
L 634 -867 -119 -619
L 143 -311 495 -506
L 747 -211 636 754
L -704 330 -553 582
L 519 873 99 -22
L 593 -551 -652 22
L 597 -708 -163 -832
L -823 -583 511 -569
L 790 814 -207 -857
L 895 457 -284 -862
L 563 -6 747 -66
L 144 -14 19 259
L 989 328 -402 -308
L 205 -896 -88 -921
L -286 -689 -166 -450
L 329 94 776 -201
L 214 -817 -947 634
L -674 -620 630 627
L -947 -60 -393 23
L -876 -417 438 -459
L -347 -463 -78 272
L -721 -580 69 944
L 671 -257 -473 -157
L 607 -378 986 -847
L -754 -401 313 867
L -892 429 -515 -719
L 746 -557 -979 251
L -30 -208 899 -942
L 473 -884 -793 974
L -205 -469 265 488
L 51 45 94 -866
L 477 839 329 961
L 682 -737 365 547
L 733 656 795 116
L -798 -65 561 -878
L 992 -329 -146 -140
L -154 -838 978 -323
L 809 194 -161 564
L -368 392 -302 -617
L 114 -937 450 288
L 495 543 -956 506
L 753 322 -583 681
L -821 295 -370 -702
L -686 403 -348 885
L 826 -998 577 -215
L -3 573 -296 793
L -720 -883 898 926
L -937 -37 -712 93
L 130 618 -272 20
L -821 -923 -110 894
L 453 -267 465 -448
L 150 -913 -372 -801
L -721 -375 -434 490
L 105 -161 -370 -895
L -154 588 -614 503
L -932 62 -465 221
L 858 -705 -932 -616
L -325 -73 904 -761
L -511 67 648 -690
L 362 -52 900 901
L -694 991 994 -409
L -952 -669 -162 -932
L -695 629 -247 804
L -617 496 228 -689
L -293 -95 205 555
L -264 -235 412 -41
L -109 -673 526 407
L -274 44 -504 136
L -668 375 885 625
L 934 -344 165 -370
L -951 -520 -50 125
L 872 517 -650 -931
L 849 139 862 728
L 131 -830 218 -301
L 934 461 -469 -317
L -675 540 -502 413
L -755 -32 293 -721
L 9 693 474 329
L 486 919 799 -376
L -477 972 420 676
L -511 94 -814 -870
L -765 603 -584 -210
L -610 575 323 733
L -829 -431 969 -381
L 637 -370 861 443
L -547 -133 207 329
L 680 -579 539 254
L 643 -61 -211 529
L 331 34 -247 -317
L 215 -995 -954 -987
L 217 571 -512 94
L -842 529 -239 -740
L -913 -627 -869 891
L -255 625 561 -104
L 966 743 362 -564
L -390 -106 -893 841
L 637 985 430 30
L 652 444 -373 815
L -442 -993 -171 195
L 584 -408 677 -660
L 799 915 -710 904
L -530 45 103 -622
L 919 -91 134 539
L -259 -162 245 157
L 936 -627 468 -237
L 242 -45 -196 567
L -235 299 -266 -483
L -115 314 -880 -658
L -390 -182 355 905
L -734 53 519 -170
L -177 -901 366 108
L 716 176 792 -953
L 682 992 68 231
L -817 942 118 102
L -29 -926 98 -913
L 125 514 -679 -790
L -559 -746 -270 600
L -975 668 -490 318
L -188 125 -941 -710
L 934 -797 -184 3
L -681 843 -385 993
L -328 -64 -790 -865
L -750 -979 874 47
L 36 -862 744 -696
L 952 -297 -904 594
L 179 52 416 -997
L 328 -826 561 -612
L -493 986 717 749
L -722 118 447 -745
L 701 -212 80 -508
L -841 572 23 480
L -861 -606 -732 -955
L -553 -687 -271 528
L -447 -636 539 -209
L 469 45 359 -640
L 375 8 -365 188
L 863 -844 518 -908
L 247 -495 -569 772
L -137 203 5 173
L -734 -693 -585 381
L -703 -843 936 -237
L -410 784 951 765
L 676 -913 -857 -684
L -593 -488 -882 205
